cam1-10_0211 0.404509 206 0 573 260 
cam1-10_0219 0.576619 309 281 660 719 
cam1-10_0220 0.808982 317 280 659 718 
cam1-10_0221 0.885666 321 282 660 719 
cam1-10_0222 0.893215 314 282 660 719 
cam1-10_0223 0.885521 299 284 661 719 
cam1-10_0224 0.869493 293 285 665 719 
cam1-10_0225 0.854487 294 283 664 719 
cam1-10_0226 0.869972 296 284 663 719 
cam1-10_0227 0.87783 295 288 660 719 
cam1-10_0228 0.882316 296 291 660 719 
cam1-10_0229 0.867986 290 296 657 719 
cam1-10_0230 0.413209 0 70 598 360 
cam1-10_0230 0.885562 286 298 659 719 
cam1-10_0231 0.712326 0 71 597 359 
cam1-10_0231 0.898105 289 296 658 719 
cam1-10_0232 0.739779 0 69 597 356 
cam1-10_0232 0.909285 290 291 659 719 
cam1-10_0233 0.822097 0 69 600 359 
cam1-10_0233 0.920395 289 293 659 719 
cam1-10_0234 0.864134 0 71 598 357 
cam1-10_0234 0.914593 289 293 660 719 
cam1-10_0235 0.897553 0 68 599 359 
cam1-10_0235 0.918303 289 296 658 719 
cam1-10_0236 0.889282 0 70 597 359 
cam1-10_0236 0.922971 286 295 660 719 
cam1-10_0237 0.84233 0 68 593 360 
cam1-10_0237 0.927578 288 293 657 719 
cam1-10_0238 0.854568 1 69 597 358 
cam1-10_0238 0.907163 285 291 658 719 
cam1-10_0239 0.870056 1 70 594 355 
cam1-10_0239 0.908892 285 291 658 719 
cam1-10_0240 0.889093 1 59 596 357 
cam1-10_0240 0.906881 287 292 658 719 
cam1-10_0241 0.913709 286 290 659 719 
cam1-10_0241 0.892388 3 46 594 354 
cam1-10_0242 0.890822 6 36 596 352 
cam1-10_0242 0.917317 291 292 658 719 
cam1-10_0243 0.881713 8 29 598 352 
cam1-10_0243 0.922858 296 289 659 719 
cam1-10_0244 0.896139 12 27 595 352 
cam1-10_0244 0.918831 302 289 659 719 
cam1-10_0245 0.886137 16 24 595 351 
cam1-10_0245 0.913845 306 286 663 719 
cam1-10_0246 0.874366 19 24 593 352 
cam1-10_0246 0.905169 302 285 664 719 
cam1-10_0247 0.85958 20 28 591 354 
cam1-10_0247 0.901748 303 286 665 719 
cam1-10_0248 0.86486 22 32 593 352 
cam1-10_0248 0.89317 307 285 667 719 
cam1-10_0249 0.860489 23 33 592 354 
cam1-10_0249 0.892071 305 284 669 719 
cam1-10_0250 0.867629 24 33 590 354 
cam1-10_0250 0.918186 300 288 670 719 
cam1-10_0251 0.869847 24 33 591 354 
cam1-10_0251 0.919774 296 290 667 719 
cam1-10_0252 0.881228 24 32 590 352 
cam1-10_0252 0.926683 293 292 664 719 
cam1-10_0253 0.89691 28 32 589 353 
cam1-10_0253 0.924333 289 289 669 719 
cam1-10_0254 0.902198 30 32 590 353 
cam1-10_0254 0.929545 294 288 665 719 
cam1-10_0255 0.909717 32 32 588 353 
cam1-10_0255 0.930158 289 289 667 719 
cam1-10_0256 0.926797 288 289 660 719 
cam1-10_0256 0.919708 38 27 588 355 
cam1-10_0257 0.927008 288 287 660 719 
cam1-10_0257 0.923239 47 23 591 351 
cam1-10_0258 0.929327 284 287 663 719 
cam1-10_0258 0.921703 52 15 590 352 
cam1-10_0259 0.925506 68 6 592 353 
cam1-10_0259 0.922776 285 289 660 719 
cam1-10_0260 0.91418 75 2 596 352 
cam1-10_0260 0.918422 289 293 666 719 
cam1-10_0261 0.920144 92 2 596 353 
cam1-10_0261 0.913988 296 295 668 719 
cam1-10_0262 0.918776 106 2 595 352 
cam1-10_0262 0.911608 304 293 673 719 
cam1-10_0263 0.909199 108 2 597 353 
cam1-10_0263 0.910441 302 292 672 719 
cam1-10_0264 0.899461 94 5 597 353 
cam1-10_0264 0.911814 303 289 671 719 
cam1-10_0265 0.903179 81 4 593 357 
cam1-10_0265 0.917571 295 294 671 719 
cam1-10_0266 0.900726 71 14 591 356 
cam1-10_0266 0.909522 291 294 670 719 
cam1-10_0267 0.90071 59 19 587 353 
cam1-10_0267 0.912167 293 291 668 719 
cam1-10_0268 0.897145 55 22 587 354 
cam1-10_0268 0.913363 297 293 666 719 
cam1-10_0269 0.909806 305 289 671 719 
cam1-10_0269 0.896227 45 22 592 352 
cam1-10_0270 0.910354 306 288 671 719 
cam1-10_0270 0.889907 42 23 593 352 
cam1-10_0271 0.904398 314 288 671 719 
cam1-10_0271 0.87524 37 23 590 353 
cam1-10_0272 0.908347 320 292 673 719 
cam1-10_0272 0.852302 32 26 595 351 
cam1-10_0273 0.897751 323 292 672 719 
cam1-10_0273 0.839166 26 29 601 352 
cam1-10_0274 0.902235 321 289 671 719 
cam1-10_0274 0.860904 18 37 596 358 
cam1-10_0275 0.904529 315 291 670 719 
cam1-10_0275 0.862169 8 45 599 358 
cam1-10_0276 0.913399 313 290 670 719 
cam1-10_0276 0.845158 4 49 599 359 
cam1-10_0277 0.918849 312 290 670 719 
cam1-10_0277 0.83522 3 46 601 356 
cam1-10_0278 0.923808 314 292 671 719 
cam1-10_0278 0.864888 5 48 602 355 
cam1-10_0279 0.919672 314 292 669 719 
cam1-10_0279 0.877384 5 49 603 354 
cam1-10_0279 0.733679 703 166 1197 582 
cam1-10_0280 0.917759 312 292 670 719 
cam1-10_0280 0.770694 704 164 1192 585 
cam1-10_0280 0.875962 5 47 603 353 
cam1-10_0281 0.920366 309 291 668 719 
cam1-10_0281 0.678956 702 162 1190 591 
cam1-10_0281 0.884432 7 43 602 354 
cam1-10_0282 0.757148 703 167 1190 593 
cam1-10_0282 0.921275 308 290 668 719 
cam1-10_0282 0.890702 8 41 603 353 
cam1-10_0283 0.917963 308 292 669 719 
cam1-10_0283 0.787486 701 171 1191 597 
cam1-10_0283 0.898103 13 41 603 354 
cam1-10_0284 0.920732 310 291 670 719 
cam1-10_0284 0.689173 703 167 1191 597 
cam1-10_0284 0.907316 19 35 604 351 
cam1-10_0285 0.922206 310 292 671 719 
cam1-10_0285 0.91086 21 33 601 349 
cam1-10_0285 0.747052 703 168 1195 597 
cam1-10_0286 0.928167 311 298 669 719 
cam1-10_0286 0.913478 25 27 602 350 
cam1-10_0286 0.540923 702 162 1198 603 
cam1-10_0287 0.929245 314 302 666 719 
cam1-10_0287 0.702356 703 169 1200 597 
cam1-10_0287 0.912551 41 21 600 343 
cam1-10_0288 0.916568 61 11 602 344 
cam1-10_0288 0.920069 317 302 666 719 
cam1-10_0288 0.693297 706 167 1199 597 
cam1-10_0289 0.914806 84 4 602 342 
cam1-10_0289 0.912885 319 303 664 719 
cam1-10_0289 0.807254 704 170 1195 594 
cam1-10_0290 0.904962 127 4 597 343 
cam1-10_0290 0.824347 705 168 1188 602 
cam1-10_0290 0.909563 315 302 665 719 
cam1-10_0291 0.901158 169 3 592 343 
cam1-10_0291 0.85789 706 166 1180 591 
cam1-10_0291 0.903286 315 306 663 718 
cam1-10_0292 0.848042 705 171 1178 592 
cam1-10_0292 0.912486 315 306 662 718 
cam1-10_0292 0.895829 209 2 589 342 
cam1-10_0293 0.848937 709 170 1177 586 
cam1-10_0293 0.848823 232 1 587 342 
cam1-10_0293 0.910224 312 303 665 719 
cam1-10_0294 0.47165 242 4 590 336 
cam1-10_0294 0.828331 707 175 1176 586 
cam1-10_0294 0.910422 314 304 664 719 
cam1-10_0295 0.807534 708 177 1181 587 
cam1-10_0295 0.905983 312 300 665 719 
cam1-10_0296 0.788291 709 178 1185 590 
cam1-10_0296 0.902615 311 296 665 719 
cam1-10_0297 0.828662 706 179 1185 586 
cam1-10_0297 0.908398 311 298 664 719 
cam1-10_0298 0.847432 703 168 1188 591 
cam1-10_0298 0.919722 310 298 662 718 
cam1-10_0299 0.780531 707 167 1187 595 
cam1-10_0299 0.915584 312 298 662 719 
cam1-10_0300 0.762496 711 170 1187 592 
cam1-10_0300 0.919445 313 294 663 719 
cam1-10_0301 0.680067 712 172 1187 596 
cam1-10_0301 0.92146 311 293 664 719 
cam1-10_0302 0.706856 710 173 1181 598 
cam1-10_0302 0.916294 307 296 666 719 
cam1-10_0303 0.663954 710 174 1171 599 
cam1-10_0303 0.910405 300 297 661 719 
cam1-10_0304 0.747755 708 177 1165 592 
cam1-10_0304 0.913345 299 295 661 719 
cam1-10_0305 0.799076 710 174 1157 593 
cam1-10_0305 0.915119 296 294 660 719 
cam1-10_0306 0.830578 713 175 1157 587 
cam1-10_0306 0.911018 298 293 660 719 
cam1-10_0307 0.815847 713 171 1154 585 
cam1-10_0307 0.916942 299 289 659 719 
cam1-10_0308 0.797291 711 170 1155 585 
cam1-10_0308 0.916284 299 293 660 719 
cam1-10_0309 0.774565 710 171 1154 588 
cam1-10_0309 0.92793 300 292 659 719 
cam1-10_0310 0.822097 711 175 1155 585 
cam1-10_0310 0.930045 299 290 661 719 
cam1-10_0311 0.775595 709 173 1152 589 
cam1-10_0311 0.925583 299 292 660 719 
cam1-10_0312 0.756114 710 174 1151 588 
cam1-10_0312 0.928516 298 296 662 719 
cam1-10_0313 0.732136 710 173 1152 588 
cam1-10_0313 0.935095 298 295 662 719 
cam1-10_0314 0.771343 711 171 1151 588 
cam1-10_0314 0.93728 297 296 663 719 
cam1-10_0315 0.757272 711 174 1155 589 
cam1-10_0315 0.936455 300 295 664 719 
cam1-10_0316 0.853661 713 178 1158 592 
cam1-10_0316 0.932948 302 298 663 719 
cam1-10_0317 0.858771 712 180 1160 585 
cam1-10_0317 0.92955 301 294 664 719 
cam1-10_0318 0.83953 713 179 1159 597 
cam1-10_0318 0.928913 298 294 663 719 
cam1-10_0319 0.820307 712 179 1154 604 
cam1-10_0319 0.924404 297 293 663 719 
cam1-10_0320 0.85583 711 179 1152 602 
cam1-10_0320 0.919949 295 292 663 719 
cam1-10_0321 0.823414 714 178 1149 601 
cam1-10_0321 0.916529 294 293 663 718 
cam1-10_0322 0.825024 712 179 1149 579 
cam1-10_0322 0.91882 293 294 663 719 
cam1-10_0323 0.808192 712 174 1166 566 
cam1-10_0323 0.917172 294 295 663 719 
cam1-10_0324 0.83833 719 164 1178 510 
cam1-10_0324 0.916108 295 295 661 719 
cam1-10_0325 0.919142 292 293 659 719 
cam1-10_0325 0.801952 718 116 1186 503 
cam1-10_0326 0.915634 287 294 659 719 
cam1-10_0326 0.561728 727 62 1173 484 
cam1-10_0327 0.913662 288 288 658 719 
cam1-10_0328 0.911222 289 284 658 719 
cam1-10_0329 0.920013 292 277 659 719 
cam1-10_0330 0.930881 297 268 663 719 
cam1-10_0331 0.929755 302 258 661 719 
cam1-10_0332 0.924942 308 255 664 717 
cam1-10_0333 0.929051 311 236 665 717 
cam1-10_0334 0.926529 312 221 666 716 
cam1-10_0335 0.922526 312 226 665 717 
cam1-10_0336 0.925119 313 228 668 718 
cam1-10_0337 0.922563 320 253 660 719 
cam1-10_0338 0.921091 321 271 661 719 
cam1-10_0339 0.916259 322 278 663 718 
cam1-10_0340 0.912462 321 270 662 719 
cam1-10_0341 0.912565 318 257 661 719 
cam1-10_0342 0.921041 313 248 661 718 
cam1-10_0343 0.916062 312 239 666 718 
cam1-10_0344 0.910167 312 241 665 719 
cam1-10_0345 0.908523 313 243 667 719 
cam1-10_0346 0.914464 311 251 665 719 
cam1-10_0347 0.90958 315 258 662 719 
cam1-10_0348 0.909169 318 265 660 719 
cam1-10_0349 0.901099 315 266 662 719 
cam1-10_0350 0.907753 314 266 662 719 
cam1-10_0351 0.911301 313 264 662 719 
cam1-10_0352 0.92367 313 261 661 719 
cam1-10_0353 0.916194 313 261 662 719 
cam1-10_0354 0.901351 314 261 661 719 
cam1-10_0355 0.911628 312 265 664 719 
cam1-10_0356 0.918318 309 263 666 719 
cam1-10_0357 0.924985 313 268 663 719 
cam1-10_0358 0.717141 0 2 596 372 
cam1-10_0358 0.916869 312 261 663 719 
cam1-10_0359 0.827193 0 1 598 373 
cam1-10_0359 0.917812 313 260 663 719 
cam1-10_0360 0.86713 0 1 600 367 
cam1-10_0360 0.91372 314 261 661 719 
cam1-10_0361 0.889082 0 3 600 369 
cam1-10_0361 0.907752 317 262 662 719 
cam1-10_0362 0.898522 0 4 598 370 
cam1-10_0362 0.919034 316 262 661 719 
cam1-10_0363 0.900899 0 1 599 370 
cam1-10_0363 0.927595 316 264 661 719 
cam1-10_0364 0.89424 0 2 602 371 
cam1-10_0364 0.926137 316 263 661 719 
cam1-10_0365 0.894858 0 2 602 369 
cam1-10_0365 0.92002 315 264 661 719 
cam1-10_0366 0.895519 0 3 602 370 
cam1-10_0366 0.922712 316 263 661 719 
cam1-10_0367 0.901772 0 3 601 369 
cam1-10_0367 0.923477 317 265 660 719 
cam1-10_0368 0.903455 0 4 603 369 
cam1-10_0368 0.923556 319 268 659 719 
cam1-10_0369 0.909116 0 5 605 368 
cam1-10_0369 0.919606 318 268 660 719 
cam1-10_0370 0.910903 0 7 605 369 
cam1-10_0370 0.925007 318 268 661 719 
cam1-10_0371 0.904481 0 5 606 372 
cam1-10_0371 0.928294 318 265 659 719 
cam1-10_0372 0.90589 0 7 603 371 
cam1-10_0372 0.922626 316 269 661 719 
cam1-10_0373 0.895329 0 9 602 371 
cam1-10_0373 0.916488 317 271 659 719 
cam1-10_0374 0.858709 0 9 602 371 
cam1-10_0374 0.917277 316 269 659 719 
cam1-10_0375 0.815334 0 10 605 372 
cam1-10_0375 0.920123 318 266 659 719 
cam1-10_0376 0.845919 0 8 602 373 
cam1-10_0376 0.920298 318 267 660 719 
cam1-10_0377 0.848633 0 7 605 372 
cam1-10_0377 0.917456 317 265 660 719 
cam1-10_0378 0.870901 0 6 604 371 
cam1-10_0378 0.919174 317 267 661 719 
cam1-10_0379 0.871879 0 4 604 372 
cam1-10_0379 0.920321 316 264 661 719 
cam1-10_0380 0.868338 5 0 602 369 
cam1-10_0380 0.923965 317 265 659 719 
cam1-10_0381 0.925361 317 263 662 719 
cam1-10_0381 0.86838 54 0 602 372 
cam1-10_0382 0.878572 95 0 584 368 
cam1-10_0382 0.928548 322 260 659 719 
cam1-10_0383 0.871288 152 4 583 359 
cam1-10_0383 0.931768 325 260 663 719 
cam1-10_0384 0.929347 327 259 663 719 
cam1-10_0384 0.818704 201 0 583 359 
cam1-10_0385 0.931666 326 260 664 719 
cam1-10_0385 0.680997 230 0 585 348 
cam1-10_0386 0.932634 325 256 664 719 
cam1-10_0387 0.93176 319 255 661 719 
cam1-10_0388 0.925122 318 257 659 719 
cam1-10_0389 0.921615 318 256 660 719 
cam1-10_0390 0.917858 320 249 661 719 
cam1-10_0391 0.914556 323 253 659 719 
cam1-10_0392 0.921041 328 248 662 719 
cam1-10_0393 0.924677 323 253 665 719 
cam1-10_0394 0.925704 317 253 660 719 
cam1-10_0395 0.923942 313 251 660 719 
cam1-10_0396 0.920346 308 253 656 719 
cam1-10_0397 0.926048 305 254 658 719 
cam1-10_0398 0.92767 310 254 662 719 
cam1-10_0399 0.928379 312 252 661 719 
cam1-10_0400 0.925801 313 250 664 719 
cam1-10_0401 0.922546 314 254 661 719 
cam1-10_0402 0.922806 312 257 662 719 
cam1-10_0403 0.930072 310 260 663 719 
cam1-10_0404 0.929376 310 253 664 719 
cam1-10_0405 0.934579 313 251 661 719 
cam1-10_0406 0.935211 313 248 662 719 
cam1-10_0407 0.933153 316 250 661 719 
cam1-10_0408 0.932805 312 247 664 719 
cam1-10_0409 0.92986 315 253 661 719 
cam1-10_0410 0.93446 311 251 664 719 
cam1-10_0411 0.932461 311 249 664 719 
cam1-10_0412 0.928273 310 251 666 719 
cam1-10_0413 0.926421 311 253 663 719 
cam1-10_0414 0.930215 313 253 662 719 
cam1-10_0415 0.933018 312 254 663 719 
cam1-10_0416 0.934664 314 255 661 719 
cam1-10_0417 0.932868 314 257 665 719 
cam1-10_0418 0.930933 315 256 664 719 
cam1-10_0419 0.92876 314 252 665 719 
cam1-10_0420 0.929808 316 256 663 719 
cam1-10_0421 0.930046 317 256 663 719 
cam1-10_0422 0.93146 313 251 665 719 
cam1-10_0423 0.933888 313 241 664 719 
cam1-10_0424 0.928969 312 253 665 719 
cam1-10_0425 0.927002 316 254 663 719 
cam1-10_0426 0.929855 315 246 663 719 
cam1-10_0427 0.924942 317 251 664 719 
cam1-10_0428 0.924962 314 251 664 719 
cam1-10_0429 0.925033 312 251 663 719 
cam1-10_0430 0.923261 311 250 665 719 
cam1-10_0431 0.929926 314 255 662 719 
cam1-10_0432 0.928466 313 253 665 719 
cam1-10_0433 0.931158 313 254 662 719 
cam1-10_0434 0.929887 312 258 662 719 
cam1-10_0435 0.93009 310 256 663 719 
cam1-10_0436 0.931377 311 256 663 718 
cam1-10_0437 0.931728 315 255 660 719 
cam1-10_0438 0.931934 316 258 662 719 
cam1-10_0439 0.932627 317 254 662 719 
cam1-10_0440 0.928963 319 253 660 719 
cam1-10_0441 0.927701 319 254 661 719 
cam1-10_0442 0.932427 323 258 662 719 
cam1-10_0443 0.929149 324 256 661 719 
cam1-10_0444 0.928273 325 253 660 719 
cam1-10_0445 0.929648 324 255 662 719 
cam1-10_0446 0.93418 319 254 661 719 
cam1-10_0447 0.93418 316 256 660 719 
cam1-10_0448 0.933401 311 253 662 719 
cam1-10_0449 0.932556 307 255 664 719 
cam1-10_0450 0.933049 308 251 664 719 
cam1-10_0451 0.928112 301 247 660 719 
cam1-10_0452 0.927127 307 246 665 719 
cam1-10_0453 0.924962 308 246 664 719 
cam1-10_0454 0.929322 298 249 662 719 
cam1-10_0455 0.929043 294 245 663 719 
cam1-10_0456 0.929998 287 252 659 719 
cam1-10_0457 0.931972 291 249 660 719 
cam1-10_0458 0.934043 294 249 665 719 
cam1-10_0459 0.932971 296 247 663 719 
cam1-10_0460 0.930873 298 248 664 719 
cam1-10_0461 0.930014 296 250 664 719 
cam1-10_0462 0.931695 296 254 664 719 
cam1-10_0463 0.93205 293 254 663 719 
cam1-10_0464 0.936179 288 254 663 719 
cam1-10_0465 0.939773 283 253 661 719 
cam1-10_0466 0.928913 286 255 658 719 
cam1-10_0467 0.926006 287 253 657 719 
cam1-10_0468 0.929226 284 255 660 719 
cam1-10_0469 0.931117 284 251 658 719 
cam1-10_0470 0.92815 286 252 658 719 
cam1-10_0471 0.932312 288 249 663 719 
cam1-10_0472 0.930185 284 248 660 719 
cam1-10_0473 0.928391 285 252 660 719 
cam1-10_0474 0.926482 284 253 659 719 
cam1-10_0475 0.928384 288 254 656 719 
cam1-10_0476 0.928605 289 255 658 719 
cam1-10_0477 0.931173 293 254 659 719 
cam1-10_0478 0.932033 294 254 663 719 
cam1-10_0479 0.925533 291 252 663 719 
cam1-10_0480 0.927676 296 252 661 719 
cam1-10_0481 0.925848 296 250 663 719 
cam1-10_0482 0.928003 298 254 663 719 
cam1-10_0483 0.934152 299 252 663 719 
cam1-10_0484 0.934418 300 252 663 719 
cam1-10_0485 0.93573 299 248 664 719 
cam1-10_0486 0.929275 301 252 662 719 
cam1-10_0487 0.927312 302 250 660 719 
cam1-10_0488 0.930951 301 248 661 719 
cam1-10_0489 0.924339 299 243 663 719 
cam1-10_0490 0.920543 297 249 664 719 
cam1-10_0491 0.922349 296 246 667 719 
cam1-10_0492 0.930333 301 242 665 719 
cam1-10_0493 0.923936 301 229 666 719 
cam1-10_0494 0.926881 305 213 668 719 
cam1-10_0495 0.921645 305 213 667 719 
cam1-10_0496 0.923173 308 223 667 719 
cam1-10_0497 0.917948 310 242 662 719 
cam1-10_0498 0.919898 303 257 665 719 
cam1-10_0499 0.916604 307 265 661 719 
cam1-10_0500 0.913674 300 258 662 719 
cam1-10_0501 0.914354 301 247 661 719 
cam1-10_0502 0.91679 301 236 661 719 
cam1-10_0503 0.907659 301 229 660 719 
cam1-10_0504 0.893963 301 235 662 719 
cam1-10_0505 0.887104 302 244 660 719 
cam1-10_0506 0.894267 305 253 658 719 
cam1-10_0507 0.891967 304 259 659 719 
cam1-10_0508 0.896804 303 259 661 719 
cam1-10_0509 0.908069 302 258 662 719 
cam1-10_0510 0.91476 302 253 660 719 
cam1-10_0511 0.920729 298 249 662 719 
cam1-10_0512 0.921935 301 249 660 719 
cam1-10_0513 0.91744 304 250 657 719 
cam1-10_0514 0.921177 303 251 658 719 
cam1-10_0515 0.922557 305 252 659 719 
cam1-10_0516 0.921959 305 258 658 719 
cam1-10_0517 0.916714 305 260 658 719 
cam1-10_0518 0.916311 305 259 658 719 
cam1-10_0519 0.920528 303 251 661 719 
cam1-10_0520 0.927014 304 242 660 719 
cam1-10_0521 0.927937 303 246 660 719 
cam1-10_0522 0.933807 301 244 662 719 
cam1-10_0523 0.933868 301 236 662 719 
cam1-10_0524 0.937343 303 237 660 719 
cam1-10_0525 0.932502 305 233 659 719 
cam1-10_0526 0.934134 306 231 657 719 
cam1-10_0527 0.936545 305 234 661 719 
cam1-10_0528 0.940099 303 234 661 719 
cam1-10_0529 0.939137 300 232 663 719 
cam1-10_0530 0.934612 298 232 662 719 
cam1-10_0531 0.933619 299 230 660 719 
cam1-10_0532 0.932421 298 235 660 719 
cam1-10_0533 0.930972 300 237 659 718 
cam1-10_0534 0.93195 301 236 660 719 
cam1-10_0535 0.931341 304 238 658 719 
cam1-10_0536 0.934655 304 241 658 719 
cam1-10_0537 0.924028 300 236 659 719 
cam1-10_0538 0.924929 304 228 657 718 
cam1-10_0539 0.928151 298 231 657 718 
cam1-10_0540 0.926199 299 230 657 719 
cam1-10_0541 0.92401 302 229 659 718 
cam1-10_0542 0.928378 307 225 656 719 
cam1-10_0543 0.930316 307 230 657 719 
cam1-10_0544 0.932546 313 229 663 719 
cam1-10_0545 0.9333 313 227 661 719 
cam1-10_0546 0.933491 310 236 666 719 
cam1-10_0547 0.936688 311 228 664 719 
cam1-10_0548 0.930651 306 234 659 719 
cam1-10_0549 0.932963 311 231 663 719 
cam1-10_0550 0.934132 307 230 659 718 
cam1-10_0551 0.936853 306 234 658 719 
cam1-10_0552 0.933003 315 231 661 719 
cam1-10_0553 0.935669 317 238 662 719 
cam1-10_0554 0.941221 318 232 661 719 
cam1-10_0555 0.939663 317 235 663 719 
cam1-10_0556 0.936251 315 230 663 719 
cam1-10_0557 0.935941 314 230 661 719 
cam1-10_0558 0.936001 311 227 663 719 
cam1-10_0559 0.93322 308 242 666 719 
cam1-10_0560 0.930789 310 245 664 719 
cam1-10_0561 0.93562 311 242 664 719 
cam1-10_0562 0.939324 310 247 665 719 
cam1-10_0563 0.935368 310 242 666 719 
cam1-10_0564 0.93385 312 248 665 719 
cam1-10_0565 0.929768 311 249 667 719 
cam1-10_0566 0.928961 310 250 669 719 
cam1-10_0567 0.923286 309 250 669 719 
cam1-10_0568 0.921904 308 247 668 719 
cam1-10_0569 0.920975 308 247 666 719 
cam1-10_0570 0.921847 306 252 667 719 
cam1-10_0571 0.920042 297 248 664 719 
cam1-10_0572 0.922961 301 249 663 719 
cam1-10_0573 0.923953 312 243 663 719 
cam1-10_0574 0.92781 314 244 663 719 
cam1-10_0575 0.930769 316 249 663 719 
cam1-10_0576 0.92657 320 251 660 719 
cam1-10_0577 0.926606 314 252 666 719 
cam1-10_0578 0.927141 314 257 661 719 
cam1-10_0579 0.931816 309 251 664 719 
cam1-10_0580 0.928685 308 249 665 719 
cam1-10_0581 0.92438 311 249 663 719 
cam1-10_0582 0.921282 313 250 663 719 
cam1-10_0583 0.9229 317 251 663 719 
cam1-10_0584 0.922941 317 251 663 719 
cam1-10_0585 0.929311 318 252 661 719 
cam1-10_0586 0.930027 311 261 663 719 
cam1-10_0587 0.931768 295 264 664 719 
cam1-10_0588 0.934014 297 262 662 719 
cam1-10_0589 0.933877 298 263 662 719 
cam1-10_0590 0.932005 296 267 663 718 
cam1-10_0591 0.931681 294 269 663 719 
cam1-10_0592 0.928658 291 267 660 719 
cam1-10_0593 0.929361 288 267 658 719 
cam1-10_0594 0.925384 285 268 659 719 
cam1-10_0595 0.930794 287 257 664 719 
cam1-10_0596 0.934741 281 260 660 719 
cam1-10_0597 0.940143 278 259 661 719 
cam1-10_0598 0.945789 280 257 662 719 
cam1-10_0599 0.94229 272 259 659 719 
cam1-10_0600 0.940777 271 259 660 719 
cam1-10_0601 0.938029 279 258 661 719 
cam1-10_0602 0.931462 281 259 663 719 
cam1-10_0603 0.929326 289 265 667 719 
cam1-10_0604 0.931287 287 264 663 719 
cam1-10_0605 0.927742 292 271 666 719 
cam1-10_0606 0.92739 292 274 665 719 
cam1-10_0607 0.926789 294 275 664 719 
cam1-10_0608 0.922525 294 270 666 719 
cam1-10_0609 0.92161 303 269 663 719 
cam1-10_0610 0.91708 312 259 663 719 
cam1-10_0611 0.911554 313 260 663 718 
cam1-10_0612 0.915294 312 261 663 719 
cam1-10_0613 0.917426 311 266 664 719 
cam1-10_0614 0.903526 310 267 666 719 
cam1-10_0615 0.896602 309 259 667 719 
cam1-10_0616 0.902486 310 260 669 719 
cam1-10_0617 0.903319 310 251 668 719 
cam1-10_0618 0.90467 301 255 672 719 
cam1-10_0619 0.902093 294 250 666 719 
cam1-10_0620 0.906088 294 233 666 719 
cam1-10_0621 0.906627 295 237 666 719 
cam1-10_0622 0.907915 298 232 664 719 
cam1-10_0623 0.904622 296 218 666 719 
cam1-10_0624 0.893697 300 209 663 719 
cam1-10_0625 0.902109 294 213 665 719 
cam1-10_0626 0.911985 286 224 664 719 
cam1-10_0627 0.909973 280 223 659 719 
cam1-10_0628 0.914828 279 244 661 719 
cam1-10_0629 0.919031 278 255 663 719 
cam1-10_0630 0.918653 286 259 666 719 
cam1-10_0631 0.920808 295 253 665 719 
cam1-10_0632 0.911449 295 250 670 719 
cam1-10_0633 0.911623 302 242 671 719 
cam1-10_0634 0.904397 294 250 666 719 
cam1-10_0635 0.915065 295 246 664 719 
cam1-10_0636 0.91738 292 254 666 719 
cam1-10_0637 0.916611 298 251 664 719 
cam1-10_0638 0.916442 303 253 664 719 
cam1-10_0639 0.913034 309 253 666 719 
cam1-10_0640 0.921161 311 252 666 719 
cam1-10_0641 0.926836 306 252 667 718 
cam1-10_0642 0.922782 300 256 668 718 
cam1-10_0643 0.920921 296 249 667 719 
cam1-10_0644 0.925319 299 255 665 719 
cam1-10_0645 0.924298 303 258 665 718 
cam1-10_0646 0.929002 309 251 666 719 
cam1-10_0647 0.922336 309 253 667 719 
cam1-10_0648 0.921841 309 252 668 719 
cam1-10_0649 0.914809 312 260 668 719 
cam1-10_0650 0.908184 313 261 667 719 
cam1-10_0651 0.915692 318 262 665 719 
cam1-10_0652 0.919201 320 264 663 719 
cam1-10_0653 0.915238 318 265 668 719 
cam1-10_0654 0.916115 318 264 668 719 
cam1-10_0655 0.922214 315 264 670 719 
cam1-10_0656 0.920163 312 264 670 719 
cam1-10_0656 0.606728 697 0 1046 181 
cam1-10_0657 0.720376 696 0 1042 180 
cam1-10_0657 0.919198 309 263 668 719 
cam1-10_0658 0.634518 693 0 1040 175 
cam1-10_0658 0.909719 303 261 670 719 
cam1-10_0659 0.673291 691 0 1038 177 
cam1-10_0659 0.902608 295 263 669 719 
cam1-10_0660 0.719806 692 0 1040 176 
cam1-10_0660 0.896637 296 261 668 719 
cam1-10_0661 0.643682 692 0 1045 176 
cam1-10_0661 0.906243 303 264 669 719 
cam1-10_0662 0.908136 307 250 669 719 
cam1-10_0662 0.488854 696 0 1063 172 
cam1-10_0663 0.905344 305 242 669 719 
cam1-10_0664 0.567982 699 0 1117 175 
cam1-10_0664 0.904272 305 245 670 719 
cam1-10_0665 0.70855 699 0 1152 180 
cam1-10_0665 0.902657 307 248 671 719 
cam1-10_0666 0.714126 716 1 1163 205 
cam1-10_0666 0.909662 308 251 669 719 
cam1-10_0667 0.909879 308 252 667 719 
cam1-10_0667 0.571569 723 0 1194 256 
cam1-10_0668 0.469656 734 0 1207 290 
cam1-10_0668 0.9142 308 248 669 719 
cam1-10_0669 0.413231 738 0 1216 290 
cam1-10_0669 0.91133 308 253 669 719 
cam1-10_0670 0.908197 306 255 671 719 
cam1-10_0671 0.908529 304 253 670 719 
cam1-10_0672 0.918482 306 255 669 719 
cam1-10_0673 0.915259 304 251 670 719 
cam1-10_0674 0.912118 305 251 671 719 
cam1-10_0675 0.914422 305 248 669 717 
cam1-10_0676 0.920167 298 254 666 719 
cam1-10_0677 0.922889 301 258 667 718 
cam1-10_0678 0.924224 308 256 666 718 
cam1-10_0679 0.916826 317 258 664 719 
cam1-10_0680 0.909804 318 257 664 719 
cam1-10_0681 0.917459 322 249 665 719 
cam1-10_0682 0.928018 324 251 665 719 
cam1-10_0683 0.925138 322 256 665 719 
cam1-10_0684 0.925657 322 258 664 719 
cam1-10_0685 0.918054 324 253 665 719 
cam1-10_0686 0.917142 325 258 665 719 
cam1-10_0687 0.917656 325 259 664 719 
cam1-10_0688 0.91917 326 260 664 719 
cam1-10_0689 0.913324 321 258 663 719 
cam1-10_0690 0.909926 312 255 666 719 
cam1-10_0691 0.907385 310 249 665 719 
cam1-10_0692 0.911333 308 249 667 719 
cam1-10_0693 0.910684 310 246 667 719 
cam1-10_0694 0.916396 311 247 666 719 
cam1-10_0695 0.917632 314 252 666 719 
cam1-10_0696 0.92234 313 249 665 719 
cam1-10_0697 0.923946 310 249 670 719 
cam1-10_0698 0.92392 309 255 667 719 
cam1-10_0699 0.920321 311 255 666 719 
cam1-10_0700 0.92373 307 261 661 719 
cam1-10_0701 0.931813 307 256 661 719 
cam1-10_0702 0.927701 306 260 662 719 
cam1-10_0703 0.927436 309 256 665 719 
cam1-10_0704 0.930521 310 248 665 719 
cam1-10_0705 0.933548 315 256 662 717 
cam1-10_0706 0.933478 312 260 664 717 
cam1-10_0707 0.936936 312 261 665 718 
cam1-10_0708 0.93729 307 256 667 719 
cam1-10_0709 0.937519 304 257 664 719 
cam1-10_0710 0.934331 304 244 664 719 
cam1-10_0711 0.936353 304 242 660 719 
cam1-10_0712 0.935811 307 229 661 719 
cam1-10_0713 0.940732 308 228 658 719 
cam1-10_0714 0.935463 305 233 657 719 
cam1-10_0715 0.938962 306 237 656 719 
cam1-10_0716 0.929578 307 241 657 719 
cam1-10_0717 0.933455 308 235 654 719 
cam1-10_0718 0.927411 309 226 678 719 
cam1-10_0719 0.934798 306 225 723 715 
cam1-10_0720 0.932097 308 230 740 695 
cam1-10_0721 0.927632 318 232 738 664 
cam1-10_0722 0.907657 323 261 738 636 
cam1-10_0723 0.874073 325 274 742 605 
cam1-10_0724 0.781876 334 282 735 595 
cam1-10_0725 0.645987 337 267 730 585 
cam1-10_0726 0.53478 336 259 730 579 
cam1-10_0730 0.460971 339 237 730 576 
cam1-10_0731 0.495447 339 242 730 578 
cam1-10_0732 0.467106 334 241 725 578 
cam1-10_0733 0.798152 331 247 727 579 
cam1-10_0734 0.821499 336 245 728 579 
cam1-10_0735 0.872141 341 241 726 578 
cam1-10_0736 0.862793 344 242 727 579 
cam1-10_0737 0.895056 345 241 727 579 
cam1-10_0738 0.876932 343 238 732 578 
cam1-10_0739 0.840211 345 235 729 581 
cam1-10_0740 0.783503 344 237 729 579 
cam1-10_0741 0.79676 341 241 729 580 
cam1-10_0742 0.81264 343 238 730 583 
cam1-10_0743 0.755455 343 240 729 582 
cam1-10_0744 0.746057 346 235 730 582 
cam1-10_0745 0.738073 346 225 728 579 
cam1-10_0746 0.779878 351 214 732 576 
cam1-10_0747 0.765389 353 213 734 578 
cam1-10_0748 0.773134 361 212 732 577 
cam1-10_0749 0.779152 359 226 733 577 
cam1-10_0750 0.760357 358 244 733 576 
cam1-10_0751 0.834861 355 267 731 581 
cam1-10_0752 0.81566 351 281 727 583 
cam1-10_0753 0.80618 349 289 726 582 
cam1-10_0754 0.824706 345 292 729 587 
cam1-10_0755 0.834012 340 292 731 591 
cam1-10_0756 0.804673 338 288 735 591 
cam1-10_0757 0.725852 336 289 735 590 
cam1-10_0758 0.570383 337 288 734 589 
cam1-10_0759 0.480974 338 291 736 589 
cam1-10_0760 0.434832 340 289 734 587 
cam1-10_0768 0.778717 347 236 734 579 
cam1-10_0769 0.629152 347 229 734 579 
cam1-10_0832 0.44436 127 145 708 528 
