cam1-10_0185 0.537311 70 12 745 422 
cam1-10_0186 0.665827 118 3 729 421 
cam1-10_0187 0.610659 147 0 735 472 
cam1-10_0188 0.773982 158 0 734 469 
cam1-10_0189 0.762729 166 0 730 443 
cam1-10_0190 0.562961 165 0 727 432 
cam1-10_0222 0.594927 8 67 591 356 
cam1-10_0223 0.899088 1 66 594 355 
cam1-10_0224 0.905294 3 67 597 355 
cam1-10_0225 0.880834 2 71 595 360 
cam1-10_0226 0.800622 0 73 595 361 
cam1-10_0227 0.468138 0 72 597 360 
cam1-10_0228 0.646263 0 71 596 360 
cam1-10_0229 0.576856 0 70 597 360 
cam1-10_0259 0.686955 703 6 1088 490 
cam1-10_0260 0.805557 702 32 1103 487 
cam1-10_0261 0.880437 695 72 1135 491 
cam1-10_0262 0.843554 698 115 1162 486 
cam1-10_0263 0.856428 709 132 1183 482 
cam1-10_0264 0.890451 707 146 1196 484 
cam1-10_0265 0.900329 706 147 1206 495 
cam1-10_0266 0.889812 708 153 1211 515 
cam1-10_0267 0.898116 702 146 1206 540 
cam1-10_0268 0.88183 700 152 1206 536 
cam1-10_0269 0.835905 707 159 1219 539 
cam1-10_0270 0.873542 714 169 1229 543 
cam1-10_0271 0.848529 704 156 1248 532 
cam1-10_0272 0.745163 703 159 1253 527 
cam1-10_0273 0.36932 703 162 1252 534 
cam1-10_0274 0.364729 699 165 1248 525 
cam1-10_0346 0.750351 114 0 584 312 
cam1-10_0347 0.897784 71 4 592 311 
cam1-10_0348 0.91784 35 4 592 309 
cam1-10_0349 0.921979 12 5 593 310 
cam1-10_0350 0.930332 0 5 591 311 
cam1-10_0351 0.932638 0 5 591 314 
cam1-10_0352 0.929052 0 4 592 317 
cam1-10_0353 0.927945 0 4 590 319 
cam1-10_0354 0.928424 0 7 593 323 
cam1-10_0355 0.925086 0 5 594 338 
cam1-10_0356 0.904754 0 2 597 355 
cam1-10_0357 0.832799 0 2 594 363 
cam1-10_0820 0.515195 0 106 731 610 
cam1-10_0827 0.595762 131 187 713 558 
cam1-10_0828 0.62728 135 181 716 556 
cam1-10_0829 0.6939 139 164 713 548 
