cam1-10_0016 0.875571 736 0 1141 221 
cam1-10_0016 0.96596 160 0 724 381 
cam1-10_0017 0.878696 738 0 1138 222 
cam1-10_0017 0.963375 176 0 720 384 
cam1-10_0018 0.877235 737 0 1146 224 
cam1-10_0018 0.961477 190 0 721 385 
cam1-10_0019 0.874343 740 0 1147 224 
cam1-10_0019 0.957907 196 0 719 385 
cam1-10_0020 0.86794 739 0 1146 223 
cam1-10_0020 0.951093 198 0 715 386 
cam1-10_0021 0.88312 740 0 1145 223 
cam1-10_0021 0.947435 203 1 709 385 
cam1-10_0022 0.881407 738 0 1144 221 
cam1-10_0022 0.946514 207 0 714 395 
cam1-10_0023 0.884458 740 1 1144 220 
cam1-10_0023 0.954092 206 2 714 394 
cam1-10_0024 0.871753 741 1 1147 221 
cam1-10_0024 0.954812 191 1 717 394 
cam1-10_0025 0.88112 741 1 1148 220 
cam1-10_0025 0.96046 184 3 715 394 
cam1-10_0026 0.869002 739 1 1139 221 
cam1-10_0026 0.959787 178 2 714 399 
cam1-10_0027 0.869423 737 1 1130 223 
cam1-10_0027 0.954788 168 3 709 403 
cam1-10_0028 0.823354 737 0 1121 220 
cam1-10_0028 0.956317 154 4 705 399 
cam1-10_0029 0.868477 736 1 1109 223 
cam1-10_0029 0.949495 155 5 706 405 
cam1-10_0030 0.865612 738 1 1108 224 
cam1-10_0030 0.951816 156 7 711 403 
cam1-10_0031 0.879785 735 3 1095 221 
cam1-10_0031 0.943961 153 10 705 405 
cam1-10_0032 0.881329 734 2 1081 220 
cam1-10_0032 0.935369 157 18 704 405 
cam1-10_0033 0.910036 733 2 1071 218 
cam1-10_0033 0.931209 155 15 704 409 
cam1-10_0034 0.930887 156 18 704 405 
cam1-10_0034 0.920148 732 1 1063 221 
cam1-10_0035 0.928643 733 2 1063 220 
cam1-10_0035 0.92737 152 15 701 404 
cam1-10_0036 0.924512 735 3 1066 219 
cam1-10_0036 0.923347 153 15 699 403 
cam1-10_0037 0.933265 734 4 1071 219 
cam1-10_0037 0.928118 152 15 699 402 
cam1-10_0038 0.938456 733 3 1074 219 
cam1-10_0038 0.921091 149 10 698 402 
cam1-10_0039 0.943563 735 3 1083 220 
cam1-10_0039 0.932232 149 9 702 402 
cam1-10_0040 0.947964 740 3 1100 221 
cam1-10_0040 0.922549 142 1 702 399 
cam1-10_0041 0.944489 738 2 1115 223 
cam1-10_0041 0.906081 153 2 705 398 
cam1-10_0042 0.947787 739 2 1128 221 
cam1-10_0042 0.905937 153 1 707 391 
cam1-10_0043 0.950925 744 1 1140 219 
cam1-10_0043 0.916245 159 1 703 388 
cam1-10_0044 0.949743 747 1 1144 220 
cam1-10_0044 0.898065 174 2 709 384 
cam1-10_0045 0.946702 748 1 1146 220 
cam1-10_0045 0.867065 183 1 714 383 
cam1-10_0046 0.942695 746 1 1149 221 
cam1-10_0046 0.876428 196 0 717 378 
cam1-10_0047 0.934331 741 1 1154 221 
cam1-10_0047 0.88286 191 1 723 374 
cam1-10_0048 0.877742 193 1 726 373 
cam1-10_0048 0.930842 746 1 1155 220 
cam1-10_0049 0.932256 746 1 1155 218 
cam1-10_0049 0.889012 201 0 733 374 
cam1-10_0050 0.929647 748 1 1150 220 
cam1-10_0050 0.918551 198 0 733 371 
cam1-10_0051 0.893465 743 1 1149 224 
cam1-10_0051 0.921518 198 0 731 375 
cam1-10_0052 0.932058 199 1 729 370 
cam1-10_0052 0.835692 738 0 1158 248 
cam1-10_0053 0.844535 743 0 1159 260 
cam1-10_0053 0.924655 198 3 730 369 
cam1-10_0054 0.788329 745 0 1158 283 
cam1-10_0054 0.924877 195 3 730 368 
cam1-10_0055 0.940547 206 3 726 367 
cam1-10_0055 0.703797 748 0 1170 296 
cam1-10_0056 0.945579 194 1 727 372 
cam1-10_0056 0.787776 750 1 1184 292 
cam1-10_0057 0.625559 747 1 1198 296 
cam1-10_0057 0.94306 201 2 723 372 
cam1-10_0058 0.845232 743 1 1221 297 
cam1-10_0058 0.947686 199 2 721 371 
cam1-10_0059 0.872534 745 0 1214 292 
cam1-10_0059 0.953987 200 1 724 371 
cam1-10_0060 0.892781 745 0 1219 296 
cam1-10_0060 0.957201 196 1 730 373 
cam1-10_0061 0.879999 742 1 1269 300 
cam1-10_0061 0.960202 180 0 735 375 
cam1-10_0062 0.879116 744 3 1261 296 
cam1-10_0062 0.957973 171 0 740 381 
cam1-10_0063 0.867175 738 0 1276 313 
cam1-10_0063 0.948975 145 0 744 381 
cam1-10_0064 0.817393 733 1 1266 313 
cam1-10_0064 0.945272 122 0 756 374 
cam1-10_0065 0.946171 85 0 759 372 
cam1-10_0065 0.566891 736 0 1202 306 
cam1-10_0066 0.877974 741 0 1150 301 
cam1-10_0066 0.947356 97 2 757 379 
cam1-10_0067 0.928198 749 0 1153 302 
cam1-10_0067 0.955811 137 4 744 375 
cam1-10_0068 0.924315 751 0 1132 302 
cam1-10_0068 0.960557 221 0 740 386 
cam1-10_0069 0.929283 747 0 1117 296 
cam1-10_0069 0.94739 274 5 725 408 
cam1-10_0070 0.924075 744 0 1106 298 
cam1-10_0070 0.9391 314 5 725 411 
cam1-10_0071 0.941494 750 0 1109 304 
cam1-10_0071 0.924553 322 0 719 464 
cam1-10_0072 0.941796 747 0 1135 315 
cam1-10_0072 0.928587 294 0 700 498 
cam1-10_0073 0.937345 742 0 1203 318 
cam1-10_0073 0.939556 250 0 686 513 
cam1-10_0074 0.925713 741 1 1251 317 
cam1-10_0074 0.945221 225 0 669 508 
cam1-10_0075 0.929066 737 2 1274 326 
cam1-10_0075 0.940578 220 0 661 503 
cam1-10_0076 0.930716 740 0 1273 336 
cam1-10_0076 0.930032 209 0 655 485 
cam1-10_0077 0.932622 737 0 1273 331 
cam1-10_0077 0.914065 204 3 654 487 
cam1-10_0078 0.941591 741 0 1270 324 
cam1-10_0078 0.888525 196 2 645 480 
cam1-10_0079 0.946296 740 0 1275 325 
cam1-10_0079 0.77216 190 1 644 467 
cam1-10_0080 0.947005 741 0 1270 321 
cam1-10_0080 0.881633 174 0 632 462 
cam1-10_0081 0.942182 745 0 1269 323 
cam1-10_0081 0.912534 170 0 632 434 
cam1-10_0082 0.942932 742 0 1268 318 
cam1-10_0082 0.92359 176 0 639 421 
cam1-10_0083 0.938983 744 0 1268 313 
cam1-10_0083 0.934438 181 0 641 420 
cam1-10_0084 0.934626 742 0 1266 320 
cam1-10_0084 0.934292 193 0 645 423 
cam1-10_0085 0.938063 745 0 1266 319 
cam1-10_0085 0.935157 205 0 650 418 
cam1-10_0086 0.943423 745 1 1268 317 
cam1-10_0086 0.935886 214 0 653 420 
cam1-10_0087 0.949917 744 2 1269 327 
cam1-10_0087 0.931322 222 0 653 421 
cam1-10_0088 0.95068 742 1 1270 349 
cam1-10_0088 0.93288 234 0 650 422 
cam1-10_0089 0.940432 746 0 1273 368 
cam1-10_0089 0.934742 234 0 651 421 
cam1-10_0090 0.935664 240 0 655 420 
cam1-10_0090 0.941572 742 0 1275 388 
cam1-10_0091 0.938431 236 0 652 420 
cam1-10_0091 0.941309 746 0 1268 387 
cam1-10_0092 0.940831 238 0 653 424 
cam1-10_0092 0.93689 744 0 1269 385 
cam1-10_0093 0.945178 240 0 650 420 
cam1-10_0093 0.946797 744 0 1271 377 
cam1-10_0094 0.946019 236 0 643 422 
cam1-10_0094 0.95584 744 2 1272 373 
cam1-10_0095 0.945516 236 0 640 423 
cam1-10_0095 0.960133 741 1 1273 371 
cam1-10_0096 0.957056 735 2 1276 356 
cam1-10_0096 0.940088 227 0 637 425 
cam1-10_0097 0.951791 732 1 1280 342 
cam1-10_0097 0.942101 231 0 645 428 
cam1-10_0098 0.951521 724 3 1277 353 
cam1-10_0098 0.941846 231 0 650 430 
cam1-10_0099 0.949415 242 0 657 433 
cam1-10_0099 0.952699 722 6 1273 372 
cam1-10_0100 0.948192 250 0 662 432 
cam1-10_0100 0.949388 724 5 1276 377 
cam1-10_0101 0.945218 243 0 661 433 
cam1-10_0101 0.949767 728 9 1273 390 
cam1-10_0102 0.933041 206 0 660 429 
cam1-10_0102 0.955096 729 6 1272 396 
cam1-10_0103 0.92361 195 0 655 430 
cam1-10_0103 0.952878 729 3 1268 403 
cam1-10_0104 0.942097 731 4 1268 415 
cam1-10_0104 0.925825 207 0 644 429 
cam1-10_0105 0.942286 732 3 1271 437 
cam1-10_0105 0.92898 206 0 629 430 
cam1-10_0106 0.939714 727 0 1276 462 
cam1-10_0106 0.920011 149 0 619 435 
cam1-10_0107 0.932092 730 0 1277 473 
cam1-10_0107 0.919012 148 0 621 434 
cam1-10_0108 0.919966 724 0 1277 481 
cam1-10_0108 0.92447 148 0 618 433 
cam1-10_0109 0.932855 719 0 1270 494 
cam1-10_0109 0.920018 143 0 619 436 
cam1-10_0110 0.928794 719 0 1273 494 
cam1-10_0110 0.902427 124 0 620 435 
cam1-10_0111 0.925558 719 0 1272 487 
cam1-10_0111 0.891845 110 0 618 433 
cam1-10_0112 0.926721 723 0 1276 467 
cam1-10_0112 0.894082 97 0 620 433 
cam1-10_0113 0.943044 714 3 1280 453 
cam1-10_0113 0.884829 88 0 619 437 
cam1-10_0114 0.88495 88 0 619 436 
cam1-10_0114 0.942172 710 1 1274 440 
cam1-10_0115 0.896441 96 0 619 439 
cam1-10_0115 0.93977 707 4 1267 431 
cam1-10_0116 0.897041 101 0 616 432 
cam1-10_0116 0.945157 710 5 1274 421 
cam1-10_0117 0.908068 114 0 616 432 
cam1-10_0117 0.950397 707 0 1276 406 
cam1-10_0118 0.900185 125 0 618 435 
cam1-10_0118 0.956496 716 0 1280 393 
cam1-10_0119 0.911455 136 0 617 430 
cam1-10_0119 0.951214 714 0 1278 392 
cam1-10_0120 0.903919 140 0 621 428 
cam1-10_0120 0.944893 720 0 1280 389 
cam1-10_0121 0.923479 138 0 625 427 
cam1-10_0121 0.950606 725 0 1280 385 
cam1-10_0122 0.937126 146 0 624 434 
cam1-10_0122 0.946455 720 0 1280 391 
cam1-10_0123 0.941893 725 2 1276 391 
cam1-10_0123 0.941642 162 0 631 436 
cam1-10_0124 0.941475 726 1 1276 392 
cam1-10_0124 0.94603 169 0 632 436 
cam1-10_0125 0.952054 724 0 1280 392 
cam1-10_0125 0.948746 159 0 634 434 
cam1-10_0126 0.948524 729 0 1280 392 
cam1-10_0126 0.944685 165 0 633 432 
cam1-10_0127 0.948077 721 0 1280 389 
cam1-10_0127 0.944299 160 0 631 434 
cam1-10_0128 0.937772 716 0 1278 383 
cam1-10_0128 0.942958 161 0 627 433 
cam1-10_0129 0.933627 720 1 1280 377 
cam1-10_0129 0.940018 166 0 628 429 
cam1-10_0130 0.931034 722 0 1280 378 
cam1-10_0130 0.936078 169 0 624 431 
cam1-10_0131 0.931835 723 0 1280 365 
cam1-10_0131 0.938152 174 0 626 429 
cam1-10_0132 0.929799 723 0 1280 367 
cam1-10_0132 0.939723 159 0 628 432 
cam1-10_0133 0.919843 722 0 1278 375 
cam1-10_0133 0.93705 147 0 626 433 
cam1-10_0134 0.929468 721 0 1278 371 
cam1-10_0134 0.939308 169 0 625 431 
cam1-10_0135 0.944328 722 0 1280 368 
cam1-10_0135 0.937508 160 0 617 431 
cam1-10_0136 0.947206 722 0 1277 346 
cam1-10_0136 0.939507 145 0 617 429 
cam1-10_0137 0.954406 723 0 1278 315 
cam1-10_0137 0.940698 144 0 616 429 
cam1-10_0138 0.941281 706 0 1276 300 
cam1-10_0138 0.932363 132 0 611 430 
cam1-10_0139 0.94647 706 0 1275 293 
cam1-10_0139 0.922014 125 0 613 427 
cam1-10_0140 0.936376 715 0 1270 285 
cam1-10_0140 0.91353 127 0 615 428 
cam1-10_0141 0.936669 727 0 1273 296 
cam1-10_0141 0.923164 129 0 610 425 
cam1-10_0142 0.93728 736 0 1274 294 
cam1-10_0142 0.925535 136 0 611 425 
cam1-10_0143 0.948833 742 0 1269 294 
cam1-10_0143 0.927089 130 0 612 425 
cam1-10_0144 0.947479 741 0 1242 295 
cam1-10_0144 0.919578 129 0 610 420 
cam1-10_0145 0.953633 741 0 1130 287 
cam1-10_0145 0.917169 124 0 615 420 
cam1-10_0146 0.944623 743 0 1094 287 
cam1-10_0146 0.926895 116 0 614 418 
cam1-10_0147 0.945772 742 0 1079 286 
cam1-10_0147 0.928716 123 0 613 419 
cam1-10_0148 0.947385 745 0 1073 281 
cam1-10_0148 0.938067 131 0 616 418 
cam1-10_0149 0.949572 748 2 1072 280 
cam1-10_0149 0.939129 130 0 617 418 
cam1-10_0150 0.95716 746 2 1078 270 
cam1-10_0150 0.943003 133 0 615 412 
cam1-10_0151 0.958615 743 1 1081 264 
cam1-10_0151 0.953919 132 0 612 414 
cam1-10_0152 0.946379 742 0 1128 270 
cam1-10_0152 0.958207 133 0 612 417 
cam1-10_0153 0.933284 736 0 1151 269 
cam1-10_0153 0.95841 128 0 612 418 
cam1-10_0154 0.956845 133 0 613 426 
cam1-10_0154 0.944119 738 0 1179 269 
cam1-10_0155 0.947709 731 0 1259 274 
cam1-10_0155 0.957944 142 0 617 430 
cam1-10_0156 0.949264 725 0 1262 266 
cam1-10_0156 0.957739 143 0 621 434 
cam1-10_0157 0.954938 721 0 1263 271 
cam1-10_0157 0.953695 145 0 626 440 
cam1-10_0158 0.946897 732 0 1275 270 
cam1-10_0158 0.954488 146 0 627 440 
cam1-10_0159 0.941884 748 0 1270 269 
cam1-10_0159 0.954503 147 0 622 442 
cam1-10_0160 0.950809 746 0 1271 269 
cam1-10_0160 0.951608 150 0 623 440 
cam1-10_0161 0.94286 745 0 1273 269 
cam1-10_0161 0.947868 144 0 623 427 
cam1-10_0162 0.941986 742 0 1273 268 
cam1-10_0162 0.947645 146 0 626 436 
cam1-10_0163 0.943372 729 0 1272 273 
cam1-10_0163 0.949292 147 0 621 434 
cam1-10_0164 0.946804 711 1 1266 273 
cam1-10_0164 0.948381 153 0 621 421 
cam1-10_0165 0.953775 698 1 1268 277 
cam1-10_0165 0.936047 151 0 625 433 
cam1-10_0166 0.954699 686 0 1265 275 
cam1-10_0166 0.92347 140 0 618 446 
cam1-10_0167 0.946864 686 0 1265 269 
cam1-10_0167 0.92102 118 0 607 462 
cam1-10_0168 0.939901 689 0 1272 277 
cam1-10_0168 0.908029 114 4 623 486 
cam1-10_0169 0.937587 690 0 1273 276 
cam1-10_0169 0.870734 107 1 651 486 
cam1-10_0170 0.93724 690 0 1275 275 
cam1-10_0170 0.887238 113 5 666 484 
cam1-10_0171 0.907897 690 0 1275 276 
cam1-10_0171 0.851643 123 3 679 493 
cam1-10_0172 0.861446 689 0 1268 282 
cam1-10_0172 0.841124 128 3 694 487 
cam1-10_0173 0.887304 687 0 1273 277 
cam1-10_0173 0.856812 134 2 694 474 
cam1-10_0174 0.902281 682 0 1275 281 
cam1-10_0174 0.891982 141 2 695 475 
cam1-10_0175 0.887417 687 0 1272 280 
cam1-10_0175 0.878607 161 3 700 477 
cam1-10_0176 0.87346 679 0 1275 283 
cam1-10_0176 0.859252 155 1 693 488 
cam1-10_0177 0.893177 693 0 1278 285 
cam1-10_0177 0.794107 135 0 693 483 
cam1-10_0178 0.910813 694 0 1279 290 
cam1-10_0178 0.840739 128 0 689 478 
cam1-10_0179 0.902626 694 0 1277 289 
cam1-10_0179 0.839596 109 12 661 469 
cam1-10_0180 0.878792 691 0 1280 287 
cam1-10_0180 0.845851 71 13 665 466 
cam1-10_0181 0.880157 695 0 1277 288 
cam1-10_0181 0.885265 57 11 659 458 
cam1-10_0182 0.908108 696 0 1278 287 
cam1-10_0182 0.910079 25 14 684 440 
cam1-10_0183 0.921629 692 0 1276 286 
cam1-10_0183 0.926241 11 14 718 435 
cam1-10_0184 0.93413 694 0 1280 284 
cam1-10_0184 0.821239 25 20 706 426 
cam1-10_0185 0.933829 697 0 1280 287 
cam1-10_0186 0.935101 695 0 1280 289 
cam1-10_0187 0.935465 693 0 1280 286 
cam1-10_0188 0.940906 694 0 1280 286 
cam1-10_0189 0.943184 693 0 1279 284 
cam1-10_0190 0.943399 691 0 1279 282 
cam1-10_0191 0.941162 689 0 1279 277 
cam1-10_0191 0.468995 165 0 714 423 
cam1-10_0192 0.943449 690 0 1278 283 
cam1-10_0192 0.85042 144 0 694 423 
cam1-10_0193 0.942504 688 0 1280 281 
cam1-10_0193 0.738707 142 1 678 422 
cam1-10_0194 0.938671 689 0 1277 282 
cam1-10_0194 0.610379 126 0 667 432 
cam1-10_0195 0.932247 689 0 1276 276 
cam1-10_0196 0.935826 689 0 1275 277 
cam1-10_0197 0.944619 688 0 1276 274 
cam1-10_0198 0.944252 683 0 1274 276 
cam1-10_0199 0.941368 683 0 1278 278 
cam1-10_0199 0.53992 186 72 681 527 
cam1-10_0200 0.939123 688 0 1278 277 
cam1-10_0200 0.658476 211 107 687 545 
cam1-10_0201 0.93628 686 0 1277 288 
cam1-10_0201 0.642887 246 160 678 576 
cam1-10_0202 0.934893 684 0 1262 275 
cam1-10_0202 0.562489 276 219 674 590 
cam1-10_0203 0.925634 680 0 1264 272 
cam1-10_0204 0.926525 683 0 1267 273 
cam1-10_0205 0.930928 682 0 1271 270 
cam1-10_0206 0.933842 684 0 1270 264 
cam1-10_0207 0.934894 681 0 1267 264 
cam1-10_0208 0.933688 680 0 1268 263 
cam1-10_0209 0.930438 680 0 1269 267 
cam1-10_0210 0.919731 678 0 1264 269 
cam1-10_0211 0.916266 678 0 1270 279 
cam1-10_0212 0.89976 674 0 1273 277 
cam1-10_0213 0.902155 686 0 1263 285 
cam1-10_0214 0.900108 706 0 1260 307 
cam1-10_0215 0.875657 729 0 1268 320 
cam1-10_0216 0.859081 745 0 1265 313 
cam1-10_0217 0.749941 736 0 1271 314 
cam1-10_0218 0.785172 734 0 1261 311 
cam1-10_0219 0.879493 732 0 1265 314 
cam1-10_0220 0.89924 734 0 1271 318 
cam1-10_0221 0.918668 734 0 1272 317 
cam1-10_0222 0.930492 733 0 1272 316 
cam1-10_0223 0.933172 733 0 1264 314 
cam1-10_0224 0.9311 744 0 1261 311 
cam1-10_0225 0.932028 747 0 1262 307 
cam1-10_0226 0.936327 750 0 1223 303 
cam1-10_0227 0.931871 752 0 1216 310 
cam1-10_0228 0.924875 749 0 1226 301 
cam1-10_0229 0.937917 747 0 1243 315 
cam1-10_0230 0.945283 744 0 1254 323 
cam1-10_0231 0.943452 744 0 1254 323 
cam1-10_0232 0.944117 747 1 1264 309 
cam1-10_0233 0.940872 746 0 1257 319 
cam1-10_0234 0.942595 745 0 1267 310 
cam1-10_0235 0.902205 750 0 1269 317 
cam1-10_0236 0.846205 733 0 1260 343 
cam1-10_0237 0.76252 734 0 1261 348 
cam1-10_0238 0.898813 733 0 1262 354 
cam1-10_0239 0.895897 734 0 1236 364 
cam1-10_0240 0.902166 734 0 1246 384 
cam1-10_0241 0.899651 725 4 1265 425 
cam1-10_0242 0.854495 725 0 1277 448 
cam1-10_0243 0.885297 723 0 1278 448 
cam1-10_0244 0.895492 722 3 1270 417 
cam1-10_0245 0.9091 719 4 1254 407 
cam1-10_0246 0.897488 726 17 1228 404 
cam1-10_0247 0.87416 723 21 1216 414 
cam1-10_0248 0.852943 726 17 1177 428 
cam1-10_0249 0.906572 716 15 1163 438 
cam1-10_0250 0.915332 721 11 1152 448 
cam1-10_0251 0.909624 713 9 1150 448 
cam1-10_0252 0.902431 712 3 1133 444 
cam1-10_0253 0.92206 710 1 1126 450 
cam1-10_0254 0.912667 706 0 1115 456 
cam1-10_0255 0.88291 716 0 1102 464 
cam1-10_0256 0.901065 715 0 1093 463 
cam1-10_0257 0.859331 713 0 1084 464 
cam1-10_0258 0.698453 707 3 1086 485 
cam1-10_0275 0.517939 703 165 1234 525 
cam1-10_0276 0.733863 703 160 1220 533 
cam1-10_0277 0.764618 703 161 1202 567 
cam1-10_0278 0.529651 704 169 1199 570 
cam1-10_0313 0.576678 1 1 589 302 
cam1-10_0314 0.846138 1 0 592 304 
cam1-10_0315 0.883444 3 0 594 304 
cam1-10_0316 0.927741 7 0 591 302 
cam1-10_0317 0.925112 13 0 589 304 
cam1-10_0318 0.925931 18 1 592 303 
cam1-10_0319 0.927127 25 0 591 300 
cam1-10_0320 0.933553 67 0 591 303 
cam1-10_0321 0.911542 78 0 591 302 
cam1-10_0322 0.889664 74 0 592 301 
cam1-10_0323 0.905992 62 0 595 304 
cam1-10_0324 0.923981 70 0 595 304 
cam1-10_0325 0.931134 72 0 595 301 
cam1-10_0326 0.931333 78 0 593 301 
cam1-10_0327 0.938976 80 0 590 302 
cam1-10_0328 0.94239 67 0 592 299 
cam1-10_0329 0.924781 74 0 591 297 
cam1-10_0330 0.912113 79 0 588 296 
cam1-10_0331 0.898519 100 0 584 291 
cam1-10_0332 0.916199 121 0 581 281 
cam1-10_0333 0.944472 132 0 586 282 
cam1-10_0334 0.95252 133 1 588 287 
cam1-10_0335 0.953405 132 0 587 283 
cam1-10_0336 0.950853 130 0 576 288 
cam1-10_0337 0.958802 135 0 575 287 
cam1-10_0338 0.960788 132 0 582 295 
cam1-10_0339 0.956682 130 0 584 297 
cam1-10_0340 0.955252 144 0 580 298 
cam1-10_0341 0.95555 168 0 579 293 
cam1-10_0342 0.950026 175 0 578 295 
cam1-10_0343 0.937975 180 1 579 299 
cam1-10_0343 0.611915 730 0 1271 385 
cam1-10_0344 0.905644 174 0 583 304 
cam1-10_0344 0.893279 731 0 1273 387 
cam1-10_0345 0.626962 155 1 585 309 
cam1-10_0345 0.904656 735 0 1272 388 
cam1-10_0346 0.912952 733 0 1272 389 
cam1-10_0347 0.913323 734 0 1269 389 
cam1-10_0348 0.930663 732 0 1271 389 
cam1-10_0349 0.936323 732 0 1273 390 
cam1-10_0350 0.945355 732 0 1273 389 
cam1-10_0351 0.953079 731 0 1274 392 
cam1-10_0352 0.944676 732 0 1273 392 
cam1-10_0353 0.947272 734 0 1274 386 
cam1-10_0354 0.945075 735 0 1276 374 
cam1-10_0355 0.939869 736 0 1278 366 
cam1-10_0356 0.939402 740 0 1280 336 
cam1-10_0357 0.943696 727 0 1277 300 
cam1-10_0358 0.947502 717 0 1275 302 
cam1-10_0359 0.954468 712 0 1270 300 
cam1-10_0360 0.950984 710 0 1264 291 
cam1-10_0361 0.953658 707 0 1261 291 
cam1-10_0362 0.959417 709 0 1268 294 
cam1-10_0363 0.959352 710 0 1262 297 
cam1-10_0364 0.959959 712 0 1234 298 
cam1-10_0365 0.959208 712 0 1193 300 
cam1-10_0366 0.962128 714 0 1187 299 
cam1-10_0367 0.957804 712 0 1171 301 
cam1-10_0368 0.955691 715 0 1170 299 
cam1-10_0369 0.955213 718 0 1164 288 
cam1-10_0370 0.960755 716 0 1164 276 
cam1-10_0371 0.958192 719 0 1149 262 
cam1-10_0372 0.954947 718 1 1152 237 
cam1-10_0373 0.954326 718 1 1122 233 
cam1-10_0374 0.957015 714 0 1101 238 
cam1-10_0375 0.956594 716 0 1099 240 
cam1-10_0376 0.960802 712 0 1106 241 
cam1-10_0377 0.958886 713 0 1117 247 
cam1-10_0378 0.96393 719 0 1140 255 
cam1-10_0379 0.967436 740 0 1165 296 
cam1-10_0380 0.963496 753 0 1213 323 
cam1-10_0381 0.961571 745 0 1265 325 
cam1-10_0382 0.957385 749 0 1271 327 
cam1-10_0383 0.958253 750 0 1272 342 
cam1-10_0384 0.955094 752 0 1272 352 
cam1-10_0385 0.959927 760 0 1272 352 
cam1-10_0386 0.95872 760 0 1269 346 
cam1-10_0387 0.957168 757 0 1264 335 
cam1-10_0388 0.956417 753 0 1266 328 
cam1-10_0389 0.956422 752 0 1267 340 
cam1-10_0390 0.958113 757 1 1270 340 
cam1-10_0391 0.953528 754 1 1271 353 
cam1-10_0392 0.959522 753 0 1273 350 
cam1-10_0393 0.963 747 0 1278 348 
cam1-10_0394 0.964025 748 0 1278 345 
cam1-10_0395 0.956949 750 0 1280 339 
cam1-10_0396 0.956168 752 0 1279 335 
cam1-10_0397 0.959479 750 0 1276 329 
cam1-10_0398 0.961458 753 0 1264 325 
cam1-10_0399 0.959276 755 0 1258 326 
cam1-10_0400 0.955615 749 1 1261 321 
cam1-10_0401 0.96368 747 1 1263 325 
cam1-10_0402 0.958547 752 1 1270 321 
cam1-10_0402 0.547415 64 1 583 282 
cam1-10_0403 0.958971 754 0 1273 316 
cam1-10_0403 0.914402 63 2 584 290 
cam1-10_0404 0.949964 758 0 1280 318 
cam1-10_0404 0.936089 39 0 585 296 
cam1-10_0405 0.951409 760 0 1277 324 
cam1-10_0405 0.953654 16 0 585 298 
cam1-10_0406 0.951042 753 0 1278 322 
cam1-10_0406 0.951791 24 1 585 300 
cam1-10_0407 0.94969 753 0 1277 317 
cam1-10_0407 0.943336 16 1 586 301 
cam1-10_0408 0.952144 753 0 1276 316 
cam1-10_0408 0.940066 12 1 585 299 
cam1-10_0409 0.958583 753 0 1276 310 
cam1-10_0409 0.950742 16 1 586 301 
cam1-10_0410 0.959407 754 0 1278 318 
cam1-10_0410 0.950692 51 1 586 298 
cam1-10_0411 0.959812 757 3 1272 320 
cam1-10_0411 0.950014 73 0 582 296 
cam1-10_0412 0.955461 755 2 1273 318 
cam1-10_0412 0.943214 85 0 580 293 
cam1-10_0413 0.959764 764 0 1274 316 
cam1-10_0413 0.944654 95 1 583 287 
cam1-10_0414 0.938936 113 1 578 286 
cam1-10_0414 0.957556 759 0 1277 330 
cam1-10_0415 0.937764 125 1 580 284 
cam1-10_0415 0.961663 758 0 1277 324 
cam1-10_0416 0.940353 141 0 576 282 
cam1-10_0416 0.965995 753 0 1279 323 
cam1-10_0417 0.949059 150 1 575 287 
cam1-10_0417 0.962307 753 0 1280 323 
cam1-10_0418 0.94902 161 1 574 287 
cam1-10_0418 0.956674 756 0 1279 314 
cam1-10_0419 0.945738 170 1 576 285 
cam1-10_0419 0.961677 755 0 1280 320 
cam1-10_0420 0.962553 756 0 1279 316 
cam1-10_0420 0.948031 175 1 575 285 
cam1-10_0421 0.960359 758 0 1279 333 
cam1-10_0421 0.944979 182 0 578 288 
cam1-10_0422 0.961515 757 0 1278 334 
cam1-10_0422 0.945302 186 1 574 289 
cam1-10_0423 0.961921 758 0 1280 329 
cam1-10_0423 0.940584 186 0 582 282 
cam1-10_0424 0.96101 761 0 1280 326 
cam1-10_0424 0.942548 195 0 581 284 
cam1-10_0425 0.962902 764 0 1280 321 
cam1-10_0425 0.945708 201 0 580 286 
cam1-10_0426 0.963013 768 0 1279 320 
cam1-10_0426 0.9425 197 0 578 284 
cam1-10_0427 0.961907 763 0 1279 318 
cam1-10_0427 0.937605 190 0 584 287 
cam1-10_0428 0.957706 762 0 1279 324 
cam1-10_0428 0.935135 179 0 584 288 
cam1-10_0429 0.962688 759 0 1280 318 
cam1-10_0429 0.932701 162 0 589 285 
cam1-10_0430 0.929399 152 0 596 279 
cam1-10_0430 0.965668 764 0 1280 319 
cam1-10_0431 0.929718 143 0 591 284 
cam1-10_0431 0.966817 762 0 1280 319 
cam1-10_0432 0.934925 128 1 587 289 
cam1-10_0432 0.961277 761 0 1280 320 
cam1-10_0433 0.926805 112 0 586 287 
cam1-10_0433 0.961652 761 0 1280 321 
cam1-10_0434 0.907505 115 0 584 298 
cam1-10_0434 0.960118 760 0 1280 321 
cam1-10_0435 0.879426 113 0 583 305 
cam1-10_0435 0.961301 757 0 1280 324 
cam1-10_0436 0.909616 115 0 580 303 
cam1-10_0436 0.957377 756 0 1280 324 
cam1-10_0437 0.92054 118 0 580 307 
cam1-10_0437 0.955716 760 0 1280 323 
cam1-10_0438 0.940964 119 0 581 310 
cam1-10_0438 0.952391 760 0 1280 319 
cam1-10_0439 0.945398 116 0 585 312 
cam1-10_0439 0.954067 757 0 1280 320 
cam1-10_0440 0.938333 123 0 580 311 
cam1-10_0440 0.954059 758 0 1280 320 
cam1-10_0441 0.944393 130 0 577 312 
cam1-10_0441 0.954275 760 0 1280 321 
cam1-10_0442 0.937629 138 0 578 313 
cam1-10_0442 0.953067 758 0 1280 321 
cam1-10_0443 0.938573 141 0 577 312 
cam1-10_0443 0.949851 760 0 1280 324 
cam1-10_0444 0.930955 138 0 576 312 
cam1-10_0444 0.94765 758 0 1280 324 
cam1-10_0445 0.926945 130 0 577 311 
cam1-10_0445 0.949753 760 0 1280 323 
cam1-10_0446 0.921834 124 0 579 308 
cam1-10_0446 0.949933 764 0 1280 318 
cam1-10_0447 0.927142 118 0 577 309 
cam1-10_0447 0.948931 763 0 1278 325 
cam1-10_0448 0.932211 114 0 579 306 
cam1-10_0448 0.947761 760 0 1279 323 
cam1-10_0449 0.940505 116 0 581 305 
cam1-10_0449 0.947377 758 0 1279 328 
cam1-10_0450 0.938301 119 0 581 301 
cam1-10_0450 0.947135 758 0 1280 331 
cam1-10_0451 0.946755 126 0 580 304 
cam1-10_0451 0.94892 755 0 1278 326 
cam1-10_0452 0.948105 135 0 580 304 
cam1-10_0452 0.947284 759 0 1278 324 
cam1-10_0453 0.950414 142 0 578 306 
cam1-10_0453 0.949288 761 0 1276 324 
cam1-10_0454 0.937571 140 0 579 305 
cam1-10_0454 0.949865 759 0 1275 319 
cam1-10_0455 0.934932 137 0 578 307 
cam1-10_0455 0.950942 757 0 1274 321 
cam1-10_0456 0.934708 135 0 580 308 
cam1-10_0456 0.951069 754 0 1275 320 
cam1-10_0457 0.933897 132 0 578 307 
cam1-10_0457 0.95257 757 0 1277 325 
cam1-10_0458 0.93315 139 0 577 305 
cam1-10_0458 0.952747 758 0 1276 325 
cam1-10_0459 0.931314 145 0 575 303 
cam1-10_0459 0.954264 758 0 1274 323 
cam1-10_0460 0.933799 148 0 576 302 
cam1-10_0460 0.955725 758 0 1273 323 
cam1-10_0461 0.955593 757 0 1275 319 
cam1-10_0461 0.943437 145 0 577 302 
cam1-10_0462 0.943162 148 0 578 303 
cam1-10_0462 0.951946 757 0 1274 322 
cam1-10_0463 0.936308 149 0 578 300 
cam1-10_0463 0.951365 757 0 1275 320 
cam1-10_0464 0.954141 757 0 1274 320 
cam1-10_0464 0.928802 152 0 580 300 
cam1-10_0465 0.930099 153 0 580 298 
cam1-10_0465 0.954887 761 0 1274 325 
cam1-10_0466 0.952045 760 1 1276 323 
cam1-10_0466 0.935245 152 0 577 293 
cam1-10_0467 0.953756 759 0 1274 328 
cam1-10_0467 0.936738 159 1 579 292 
cam1-10_0468 0.947504 760 1 1275 327 
cam1-10_0468 0.924486 166 0 582 292 
cam1-10_0469 0.948415 763 1 1269 325 
cam1-10_0469 0.922391 172 0 580 291 
cam1-10_0470 0.945369 765 0 1233 317 
cam1-10_0470 0.923765 176 0 582 289 
cam1-10_0471 0.930667 176 1 583 287 
cam1-10_0471 0.936628 770 0 1185 309 
cam1-10_0472 0.939201 174 0 585 290 
cam1-10_0472 0.920235 768 0 1173 307 
cam1-10_0473 0.938463 172 0 587 292 
cam1-10_0473 0.926336 766 0 1184 306 
cam1-10_0474 0.935051 176 0 581 290 
cam1-10_0474 0.930223 769 0 1172 305 
cam1-10_0475 0.933468 180 0 583 289 
cam1-10_0475 0.941509 774 0 1165 303 
cam1-10_0476 0.925764 182 0 583 290 
cam1-10_0476 0.948212 775 0 1160 302 
cam1-10_0477 0.920161 185 0 579 290 
cam1-10_0477 0.948645 776 0 1145 298 
cam1-10_0478 0.91139 184 0 582 291 
cam1-10_0478 0.938096 769 0 1139 300 
cam1-10_0479 0.909366 185 0 583 293 
cam1-10_0479 0.935731 770 0 1145 300 
cam1-10_0480 0.904352 187 0 584 292 
cam1-10_0480 0.935995 771 0 1151 300 
cam1-10_0481 0.910064 192 0 585 293 
cam1-10_0481 0.941171 772 0 1164 300 
cam1-10_0482 0.940267 767 0 1181 309 
cam1-10_0482 0.894395 195 0 588 295 
cam1-10_0483 0.947655 768 0 1185 314 
cam1-10_0483 0.908177 198 0 585 292 
cam1-10_0484 0.954095 765 0 1223 309 
cam1-10_0484 0.912266 199 0 582 292 
cam1-10_0485 0.957091 760 0 1262 318 
cam1-10_0485 0.910693 192 0 586 293 
cam1-10_0486 0.952709 764 1 1275 335 
cam1-10_0486 0.898631 188 0 580 299 
cam1-10_0487 0.953949 763 0 1279 332 
cam1-10_0487 0.885921 179 0 585 301 
cam1-10_0488 0.955652 761 0 1277 329 
cam1-10_0488 0.878747 172 0 586 304 
cam1-10_0489 0.954201 758 0 1276 337 
cam1-10_0489 0.881171 166 0 582 302 
cam1-10_0490 0.826111 156 0 581 302 
cam1-10_0490 0.951222 756 0 1276 328 
cam1-10_0491 0.786903 148 0 580 302 
cam1-10_0491 0.954853 755 0 1278 335 
cam1-10_0492 0.896106 142 0 578 298 
cam1-10_0492 0.957819 752 0 1280 337 
cam1-10_0493 0.873789 138 0 579 298 
cam1-10_0493 0.954017 750 0 1280 331 
cam1-10_0494 0.896397 132 0 585 300 
cam1-10_0494 0.955669 760 0 1279 325 
cam1-10_0495 0.920919 127 0 585 295 
cam1-10_0495 0.954371 767 0 1267 326 
cam1-10_0496 0.93053 126 0 582 295 
cam1-10_0496 0.949298 766 0 1171 325 
cam1-10_0497 0.935684 127 0 578 295 
cam1-10_0497 0.950733 761 0 1164 325 
cam1-10_0498 0.944979 127 0 578 297 
cam1-10_0498 0.950632 764 0 1156 322 
cam1-10_0499 0.952481 125 0 583 300 
cam1-10_0499 0.953228 765 0 1155 316 
cam1-10_0500 0.953552 121 0 579 296 
cam1-10_0500 0.959151 767 0 1149 318 
cam1-10_0501 0.953092 125 0 579 295 
cam1-10_0501 0.963285 765 0 1138 318 
cam1-10_0502 0.958292 127 0 578 293 
cam1-10_0502 0.955903 767 0 1136 315 
cam1-10_0503 0.958592 127 0 580 292 
cam1-10_0503 0.945273 768 0 1149 316 
cam1-10_0504 0.963261 130 0 577 293 
cam1-10_0504 0.94255 769 0 1160 320 
cam1-10_0505 0.960386 134 0 574 295 
cam1-10_0505 0.945477 768 0 1167 327 
cam1-10_0506 0.958745 140 0 576 293 
cam1-10_0506 0.940151 769 0 1159 322 
cam1-10_0507 0.955287 141 0 579 293 
cam1-10_0507 0.944168 773 0 1162 323 
cam1-10_0508 0.953892 142 0 580 291 
cam1-10_0508 0.946067 767 0 1182 320 
cam1-10_0509 0.956374 143 0 580 291 
cam1-10_0509 0.943111 770 0 1171 321 
cam1-10_0510 0.956924 144 0 579 289 
cam1-10_0510 0.945472 768 0 1155 323 
cam1-10_0511 0.956444 142 0 578 290 
cam1-10_0511 0.95576 771 0 1165 323 
cam1-10_0512 0.956607 145 0 578 292 
cam1-10_0512 0.960738 766 0 1165 331 
cam1-10_0513 0.953709 143 0 578 291 
cam1-10_0513 0.960536 773 0 1163 318 
cam1-10_0514 0.952529 147 0 575 288 
cam1-10_0514 0.965043 772 0 1152 317 
cam1-10_0515 0.953421 145 0 577 289 
cam1-10_0515 0.962826 772 0 1147 313 
cam1-10_0516 0.953278 147 0 578 288 
cam1-10_0516 0.962245 770 0 1146 317 
cam1-10_0517 0.955844 149 0 577 288 
cam1-10_0517 0.959192 774 0 1144 315 
cam1-10_0518 0.957768 149 0 575 292 
cam1-10_0518 0.95991 774 0 1143 313 
cam1-10_0519 0.953466 152 1 581 298 
cam1-10_0519 0.961654 768 0 1138 316 
cam1-10_0520 0.949317 157 0 586 293 
cam1-10_0520 0.961778 768 0 1137 313 
cam1-10_0521 0.93813 181 0 579 277 
cam1-10_0521 0.959693 769 0 1133 313 
cam1-10_0522 0.937189 207 0 585 269 
cam1-10_0522 0.957691 767 0 1135 317 
cam1-10_0523 0.95546 768 0 1137 318 
cam1-10_0523 0.936646 216 0 588 271 
cam1-10_0524 0.934395 230 0 586 270 
cam1-10_0524 0.956392 768 0 1138 319 
cam1-10_0525 0.927204 242 0 585 266 
cam1-10_0525 0.957767 771 0 1142 318 
cam1-10_0526 0.945228 246 0 586 265 
cam1-10_0526 0.957062 771 0 1147 317 
cam1-10_0527 0.949664 245 0 588 267 
cam1-10_0527 0.957188 771 0 1154 317 
cam1-10_0528 0.949318 242 0 589 268 
cam1-10_0528 0.959645 768 0 1159 317 
cam1-10_0529 0.960664 769 0 1171 314 
cam1-10_0529 0.95253 230 0 586 266 
cam1-10_0530 0.961239 772 0 1162 315 
cam1-10_0530 0.949534 223 0 582 264 
cam1-10_0531 0.95945 772 0 1163 316 
cam1-10_0531 0.944093 217 0 581 264 
cam1-10_0532 0.963738 772 0 1165 323 
cam1-10_0532 0.94583 216 0 581 263 
cam1-10_0533 0.962214 768 0 1176 320 
cam1-10_0533 0.937521 214 0 589 273 
cam1-10_0534 0.962894 765 0 1193 319 
cam1-10_0534 0.941323 221 0 596 279 
cam1-10_0535 0.947392 223 0 600 280 
cam1-10_0535 0.961525 767 0 1192 322 
cam1-10_0536 0.957186 764 0 1204 323 
cam1-10_0536 0.947733 223 0 598 285 
cam1-10_0537 0.95629 763 0 1208 324 
cam1-10_0537 0.950906 222 0 600 282 
cam1-10_0538 0.956369 766 0 1195 325 
cam1-10_0538 0.953497 219 0 597 281 
cam1-10_0539 0.95239 220 0 599 283 
cam1-10_0539 0.958509 766 0 1179 324 
cam1-10_0540 0.948638 220 0 599 281 
cam1-10_0540 0.954839 770 0 1166 318 
cam1-10_0541 0.948058 225 0 599 283 
cam1-10_0541 0.953258 769 0 1165 322 
cam1-10_0542 0.95062 228 0 600 283 
cam1-10_0542 0.959027 771 0 1163 319 
cam1-10_0543 0.948396 228 0 602 282 
cam1-10_0543 0.959946 770 0 1166 321 
cam1-10_0544 0.944481 230 1 604 282 
cam1-10_0544 0.965201 769 0 1172 317 
cam1-10_0545 0.937182 229 1 602 288 
cam1-10_0545 0.968198 769 0 1176 319 
cam1-10_0546 0.929237 221 1 605 289 
cam1-10_0546 0.966565 762 0 1198 322 
cam1-10_0547 0.961597 767 1 1262 323 
cam1-10_0547 0.927013 218 0 601 288 
cam1-10_0548 0.95819 767 1 1272 323 
cam1-10_0548 0.923623 215 0 602 286 
cam1-10_0549 0.954002 761 1 1275 321 
cam1-10_0549 0.92336 215 0 603 288 
cam1-10_0550 0.954193 761 0 1273 318 
cam1-10_0550 0.925592 220 0 598 282 
cam1-10_0551 0.95386 759 0 1271 317 
cam1-10_0551 0.924648 222 0 599 285 
cam1-10_0552 0.960318 756 0 1272 320 
cam1-10_0552 0.927337 219 0 598 287 
cam1-10_0553 0.961797 755 0 1271 320 
cam1-10_0553 0.925904 216 0 602 288 
cam1-10_0554 0.960843 759 0 1270 324 
cam1-10_0554 0.930971 216 0 600 281 
cam1-10_0555 0.952278 759 0 1272 323 
cam1-10_0555 0.929597 216 0 599 271 
cam1-10_0556 0.955201 760 0 1271 320 
cam1-10_0556 0.921601 220 0 596 267 
cam1-10_0557 0.958541 759 0 1270 322 
cam1-10_0557 0.925797 205 0 593 266 
cam1-10_0558 0.959018 755 0 1273 326 
cam1-10_0558 0.928493 187 0 594 258 
cam1-10_0559 0.95361 754 0 1271 318 
cam1-10_0559 0.933122 176 0 601 269 
cam1-10_0560 0.956912 757 0 1271 316 
cam1-10_0560 0.935669 157 0 603 273 
cam1-10_0561 0.960065 755 0 1269 321 
cam1-10_0561 0.938785 145 0 595 273 
cam1-10_0562 0.95635 753 0 1270 318 
cam1-10_0562 0.93842 133 0 585 277 
cam1-10_0563 0.952806 750 0 1272 321 
cam1-10_0563 0.935655 120 0 575 276 
cam1-10_0564 0.949924 753 0 1272 325 
cam1-10_0564 0.935098 109 0 573 274 
cam1-10_0565 0.948989 753 0 1272 323 
cam1-10_0565 0.932475 102 0 573 274 
cam1-10_0566 0.949445 755 0 1270 321 
cam1-10_0566 0.93722 98 0 573 274 
cam1-10_0567 0.949898 756 0 1268 320 
cam1-10_0567 0.933622 93 0 572 273 
cam1-10_0568 0.951548 756 0 1267 322 
cam1-10_0568 0.945208 88 0 572 278 
cam1-10_0569 0.951407 759 0 1271 321 
cam1-10_0569 0.933278 88 0 571 276 
cam1-10_0570 0.952872 755 0 1271 321 
cam1-10_0570 0.929199 81 0 574 280 
cam1-10_0571 0.94925 757 0 1270 326 
cam1-10_0571 0.936855 69 0 569 283 
cam1-10_0572 0.952829 754 0 1267 317 
cam1-10_0572 0.945061 63 0 570 284 
cam1-10_0573 0.948058 757 0 1261 314 
cam1-10_0573 0.942625 66 0 574 287 
cam1-10_0574 0.949169 759 0 1272 318 
cam1-10_0574 0.942803 74 0 569 288 
cam1-10_0575 0.945915 759 0 1266 319 
cam1-10_0575 0.946165 83 0 576 289 
cam1-10_0576 0.943836 758 0 1270 321 
cam1-10_0576 0.944171 85 0 576 290 
cam1-10_0577 0.943594 756 0 1275 319 
cam1-10_0577 0.944876 83 0 579 295 
cam1-10_0578 0.949781 756 0 1277 324 
cam1-10_0578 0.949339 80 0 578 298 
cam1-10_0579 0.949317 756 0 1272 330 
cam1-10_0579 0.952341 76 0 578 299 
cam1-10_0580 0.949577 756 0 1254 329 
cam1-10_0580 0.950918 78 1 578 297 
cam1-10_0581 0.949557 755 0 1265 326 
cam1-10_0581 0.950466 79 0 582 297 
cam1-10_0582 0.947753 756 0 1274 324 
cam1-10_0582 0.953567 85 0 586 299 
cam1-10_0583 0.948798 90 0 588 299 
cam1-10_0583 0.95301 759 0 1265 330 
cam1-10_0584 0.945446 92 0 592 301 
cam1-10_0584 0.953907 759 0 1268 323 
cam1-10_0585 0.945396 92 0 595 308 
cam1-10_0585 0.960295 760 0 1261 324 
cam1-10_0586 0.944203 91 0 601 321 
cam1-10_0586 0.961903 761 0 1256 325 
cam1-10_0587 0.960428 756 0 1271 327 
cam1-10_0587 0.939032 87 2 603 327 
cam1-10_0588 0.958164 759 0 1273 326 
cam1-10_0588 0.93863 76 1 605 330 
cam1-10_0589 0.954398 759 0 1279 326 
cam1-10_0589 0.939952 51 0 602 328 
cam1-10_0590 0.952369 758 0 1276 326 
cam1-10_0590 0.931015 36 0 604 329 
cam1-10_0591 0.952104 760 0 1267 322 
cam1-10_0591 0.932506 10 0 609 325 
cam1-10_0592 0.952357 761 1 1263 323 
cam1-10_0592 0.934646 5 0 605 321 
cam1-10_0593 0.934142 4 0 603 325 
cam1-10_0593 0.956862 763 0 1256 324 
cam1-10_0594 0.960498 762 0 1264 322 
cam1-10_0594 0.93461 14 0 607 329 
cam1-10_0595 0.960548 763 0 1262 323 
cam1-10_0595 0.946471 17 0 608 337 
cam1-10_0596 0.959057 758 0 1269 322 
cam1-10_0596 0.948353 25 0 610 336 
cam1-10_0597 0.959988 757 0 1275 323 
cam1-10_0597 0.948562 27 0 611 338 
cam1-10_0598 0.961974 757 0 1276 326 
cam1-10_0598 0.948252 15 0 607 332 
cam1-10_0599 0.959257 756 0 1274 321 
cam1-10_0599 0.947235 12 0 608 334 
cam1-10_0600 0.963611 754 0 1278 329 
cam1-10_0600 0.943016 0 0 609 342 
cam1-10_0601 0.963962 754 0 1271 330 
cam1-10_0601 0.944069 0 2 607 345 
cam1-10_0602 0.961247 756 0 1271 334 
cam1-10_0602 0.937784 0 4 606 342 
cam1-10_0603 0.956283 758 0 1270 333 
cam1-10_0603 0.942975 1 4 605 335 
cam1-10_0604 0.952136 759 0 1269 334 
cam1-10_0604 0.943187 0 4 603 334 
cam1-10_0605 0.948161 757 0 1270 326 
cam1-10_0605 0.938559 0 4 602 336 
cam1-10_0606 0.956216 758 0 1267 324 
cam1-10_0606 0.943154 4 3 604 337 
cam1-10_0607 0.958224 757 0 1260 324 
cam1-10_0607 0.941897 8 3 602 334 
cam1-10_0608 0.960167 756 0 1263 314 
cam1-10_0608 0.947835 35 4 591 328 
cam1-10_0609 0.956995 755 0 1271 317 
cam1-10_0609 0.941395 63 1 595 327 
cam1-10_0610 0.957502 756 0 1274 313 
cam1-10_0610 0.942061 88 2 586 323 
cam1-10_0611 0.959001 754 0 1276 321 
cam1-10_0611 0.930969 111 2 584 317 
cam1-10_0612 0.953475 752 0 1274 316 
cam1-10_0612 0.927551 136 0 585 313 
cam1-10_0613 0.951059 754 0 1271 312 
cam1-10_0613 0.916382 147 0 587 309 
cam1-10_0614 0.952153 753 0 1272 318 
cam1-10_0614 0.934414 155 0 585 302 
cam1-10_0615 0.951342 756 0 1277 312 
cam1-10_0615 0.941525 163 0 592 290 
cam1-10_0616 0.955213 759 0 1280 313 
cam1-10_0616 0.944624 168 0 603 281 
cam1-10_0617 0.95564 763 0 1268 309 
cam1-10_0617 0.937215 170 0 608 275 
cam1-10_0618 0.958061 759 0 1250 304 
cam1-10_0618 0.94249 162 0 614 272 
cam1-10_0619 0.938694 154 0 626 265 
cam1-10_0619 0.954959 761 0 1169 311 
cam1-10_0620 0.943329 767 0 1169 306 
cam1-10_0620 0.934351 149 0 618 245 
cam1-10_0621 0.930056 148 0 619 262 
cam1-10_0621 0.938623 762 0 1159 304 
cam1-10_0622 0.939062 763 0 1162 305 
cam1-10_0622 0.929357 155 0 619 241 
cam1-10_0623 0.944467 766 0 1178 304 
cam1-10_0623 0.937304 159 0 625 257 
cam1-10_0624 0.949043 774 0 1167 294 
cam1-10_0624 0.940852 174 0 626 248 
cam1-10_0625 0.944712 772 0 1179 291 
cam1-10_0625 0.945016 180 0 630 262 
cam1-10_0626 0.940954 772 0 1199 298 
cam1-10_0626 0.95466 179 0 637 262 
cam1-10_0627 0.943643 766 0 1207 300 
cam1-10_0627 0.948761 166 0 638 264 
cam1-10_0628 0.938565 764 0 1198 298 
cam1-10_0628 0.945642 164 0 635 266 
cam1-10_0629 0.937512 765 0 1191 298 
cam1-10_0629 0.954967 167 0 636 271 
cam1-10_0630 0.937365 773 0 1190 296 
cam1-10_0630 0.957279 174 0 643 271 
cam1-10_0631 0.944483 777 0 1200 298 
cam1-10_0631 0.954118 174 0 651 275 
cam1-10_0632 0.946066 775 0 1204 298 
cam1-10_0632 0.951842 178 0 659 274 
cam1-10_0633 0.953879 777 0 1189 296 
cam1-10_0633 0.952649 187 0 656 274 
cam1-10_0634 0.94994 193 1 660 279 
cam1-10_0634 0.947532 772 0 1194 297 
cam1-10_0635 0.941413 194 0 661 280 
cam1-10_0635 0.946327 772 0 1179 293 
cam1-10_0636 0.940701 202 0 660 282 
cam1-10_0636 0.950721 770 0 1176 284 
cam1-10_0637 0.940589 202 0 659 286 
cam1-10_0637 0.959742 775 0 1173 260 
cam1-10_0638 0.941237 217 0 661 283 
cam1-10_0638 0.956966 768 0 1171 233 
cam1-10_0639 0.944108 220 1 659 290 
cam1-10_0639 0.949823 762 0 1163 213 
cam1-10_0640 0.939805 219 1 659 291 
cam1-10_0640 0.950694 753 0 1164 204 
cam1-10_0641 0.936109 221 1 658 284 
cam1-10_0641 0.953553 737 0 1154 197 
cam1-10_0642 0.941088 218 1 661 289 
cam1-10_0642 0.950164 725 0 1150 189 
cam1-10_0643 0.943464 213 2 665 282 
cam1-10_0643 0.947224 714 0 1145 183 
cam1-10_0644 0.938426 219 1 664 285 
cam1-10_0644 0.927934 713 0 1138 181 
cam1-10_0645 0.942339 216 3 668 285 
cam1-10_0645 0.912839 707 0 1134 184 
cam1-10_0646 0.9417 213 2 668 287 
cam1-10_0646 0.901339 710 0 1141 183 
cam1-10_0647 0.944486 217 3 675 285 
cam1-10_0647 0.869776 710 0 1144 184 
cam1-10_0648 0.946295 214 2 673 284 
cam1-10_0648 0.856968 705 0 1131 180 
cam1-10_0649 0.947249 210 3 671 286 
cam1-10_0649 0.872781 703 0 1124 176 
cam1-10_0650 0.953914 208 2 675 284 
cam1-10_0650 0.891708 703 0 1123 168 
cam1-10_0651 0.955508 208 3 677 286 
cam1-10_0651 0.813161 698 0 1105 173 
cam1-10_0652 0.946777 206 2 675 287 
cam1-10_0652 0.712546 699 0 1097 173 
cam1-10_0653 0.952322 200 3 660 283 
cam1-10_0653 0.728868 701 0 1080 175 
cam1-10_0654 0.945435 195 1 657 284 
cam1-10_0654 0.736391 699 0 1062 178 
cam1-10_0655 0.94324 181 2 656 278 
cam1-10_0655 0.610031 696 0 1058 178 
cam1-10_0656 0.941788 164 1 640 279 
cam1-10_0657 0.938967 148 2 633 279 
cam1-10_0658 0.934573 134 3 629 278 
cam1-10_0659 0.934634 125 3 624 280 
cam1-10_0660 0.937171 113 2 621 276 
cam1-10_0661 0.932431 106 2 622 274 
cam1-10_0662 0.928114 106 1 631 275 
cam1-10_0663 0.934796 102 2 639 273 
cam1-10_0663 0.546569 694 0 1085 168 
cam1-10_0664 0.940473 114 0 640 274 
cam1-10_0665 0.936937 124 0 644 280 
cam1-10_0666 0.942038 128 0 645 284 
cam1-10_0667 0.939367 128 0 644 280 
cam1-10_0668 0.938755 129 0 642 277 
cam1-10_0669 0.939518 131 0 641 278 
cam1-10_0670 0.941507 128 0 639 279 
cam1-10_0671 0.412203 738 1 1254 290 
cam1-10_0671 0.944473 129 0 637 278 
cam1-10_0672 0.641091 734 1 1264 288 
cam1-10_0672 0.940316 132 0 639 278 
cam1-10_0673 0.742821 732 1 1260 293 
cam1-10_0673 0.937482 137 0 643 279 
cam1-10_0674 0.728677 736 1 1268 289 
cam1-10_0674 0.937475 138 0 647 280 
cam1-10_0675 0.737743 737 1 1273 292 
cam1-10_0675 0.933853 148 0 652 279 
cam1-10_0676 0.689263 736 0 1269 294 
cam1-10_0676 0.925519 163 0 653 277 
cam1-10_0677 0.808242 738 1 1272 294 
cam1-10_0677 0.931074 166 0 651 276 
cam1-10_0678 0.85629 736 0 1263 290 
cam1-10_0678 0.935148 179 0 648 277 
cam1-10_0679 0.575982 735 1 1243 293 
cam1-10_0679 0.937788 191 0 660 277 
cam1-10_0680 0.840585 738 0 1236 294 
cam1-10_0680 0.937894 198 1 663 277 
cam1-10_0681 0.910414 737 0 1240 293 
cam1-10_0681 0.939712 199 1 663 280 
cam1-10_0682 0.946997 740 0 1253 294 
cam1-10_0682 0.935455 198 2 665 284 
cam1-10_0683 0.947312 737 0 1264 296 
cam1-10_0683 0.937279 202 2 667 283 
cam1-10_0684 0.949131 737 0 1263 294 
cam1-10_0684 0.937756 207 2 663 283 
cam1-10_0685 0.952136 737 0 1277 295 
cam1-10_0685 0.936934 209 2 663 287 
cam1-10_0686 0.947965 739 0 1276 293 
cam1-10_0686 0.937278 215 2 661 289 
cam1-10_0687 0.939346 744 0 1272 297 
cam1-10_0687 0.935354 225 2 662 284 
cam1-10_0688 0.939728 741 0 1274 296 
cam1-10_0688 0.939506 230 1 665 285 
cam1-10_0689 0.942602 740 0 1278 304 
cam1-10_0689 0.939018 232 1 664 286 
cam1-10_0690 0.944121 737 0 1276 303 
cam1-10_0690 0.938453 227 0 660 285 
cam1-10_0691 0.942632 737 0 1273 302 
cam1-10_0691 0.934054 217 2 664 281 
cam1-10_0692 0.94257 735 0 1276 303 
cam1-10_0692 0.934455 219 3 674 280 
cam1-10_0693 0.936708 738 0 1279 301 
cam1-10_0693 0.928403 217 3 673 278 
cam1-10_0694 0.942176 740 0 1273 298 
cam1-10_0694 0.928642 218 3 681 278 
cam1-10_0695 0.940821 738 0 1275 300 
cam1-10_0695 0.939685 218 2 684 277 
cam1-10_0696 0.934009 742 0 1275 302 
cam1-10_0696 0.944911 227 2 681 281 
cam1-10_0697 0.93732 740 0 1277 300 
cam1-10_0697 0.950219 231 2 685 281 
cam1-10_0698 0.934681 741 0 1274 303 
cam1-10_0698 0.952969 233 1 670 287 
cam1-10_0699 0.937448 742 0 1274 304 
cam1-10_0699 0.948496 230 2 662 292 
cam1-10_0700 0.932011 741 0 1275 307 
cam1-10_0700 0.949716 225 2 663 289 
cam1-10_0701 0.934245 738 0 1271 309 
cam1-10_0701 0.943291 223 2 665 287 
cam1-10_0702 0.934817 738 0 1272 304 
cam1-10_0702 0.947098 221 3 677 286 
cam1-10_0703 0.938697 736 0 1271 306 
cam1-10_0703 0.950181 217 2 667 284 
cam1-10_0704 0.939502 736 0 1272 305 
cam1-10_0704 0.949181 216 2 663 286 
cam1-10_0705 0.944933 740 0 1272 305 
cam1-10_0705 0.952083 217 3 662 287 
cam1-10_0706 0.943223 741 0 1270 308 
cam1-10_0706 0.958043 215 3 664 288 
cam1-10_0707 0.938771 741 0 1273 306 
cam1-10_0707 0.955949 218 2 665 283 
cam1-10_0708 0.931077 741 0 1274 305 
cam1-10_0708 0.957858 215 2 669 284 
cam1-10_0709 0.929084 738 0 1270 304 
cam1-10_0709 0.953352 215 2 669 275 
cam1-10_0710 0.924534 737 0 1268 305 
cam1-10_0710 0.952953 216 1 662 281 
cam1-10_0711 0.928863 738 0 1271 302 
cam1-10_0711 0.943597 216 0 651 277 
cam1-10_0712 0.929167 739 0 1264 302 
cam1-10_0712 0.945588 225 0 654 273 
cam1-10_0713 0.923953 739 0 1269 299 
cam1-10_0713 0.941082 245 0 650 272 
cam1-10_0714 0.925794 737 0 1271 302 
cam1-10_0714 0.945949 253 0 645 268 
cam1-10_0715 0.91996 738 0 1267 303 
cam1-10_0715 0.937914 258 0 635 269 
cam1-10_0716 0.927419 739 0 1268 298 
cam1-10_0716 0.929152 255 0 635 270 
cam1-10_0717 0.928211 740 0 1263 295 
cam1-10_0717 0.931912 256 0 635 271 
cam1-10_0718 0.924729 739 0 1268 297 
cam1-10_0718 0.93721 257 0 637 260 
cam1-10_0719 0.928604 742 0 1268 301 
cam1-10_0719 0.947165 253 0 638 258 
cam1-10_0720 0.933458 742 0 1269 298 
cam1-10_0720 0.951118 263 0 637 243 
cam1-10_0721 0.934265 742 0 1272 310 
cam1-10_0721 0.950966 299 0 632 246 
cam1-10_0722 0.928472 744 0 1273 305 
cam1-10_0722 0.94262 320 0 637 266 
cam1-10_0723 0.929273 740 0 1259 300 
cam1-10_0723 0.931601 338 0 637 257 
cam1-10_0724 0.932099 743 1 1273 300 
cam1-10_0724 0.928213 346 1 637 273 
cam1-10_0725 0.939203 742 0 1280 301 
cam1-10_0725 0.932123 350 1 630 265 
cam1-10_0726 0.937343 738 0 1280 304 
cam1-10_0726 0.933539 351 1 631 264 
cam1-10_0727 0.944142 742 1 1278 302 
cam1-10_0727 0.940756 356 1 631 252 
cam1-10_0728 0.944535 741 0 1278 302 
cam1-10_0728 0.94491 354 0 636 243 
cam1-10_0729 0.941754 742 0 1273 299 
cam1-10_0729 0.947842 361 0 640 234 
cam1-10_0730 0.942755 743 1 1273 302 
cam1-10_0730 0.948128 359 0 644 224 
cam1-10_0731 0.940782 741 0 1275 300 
cam1-10_0731 0.941689 359 0 647 237 
cam1-10_0732 0.946347 740 1 1272 304 
cam1-10_0732 0.94046 357 0 645 240 
cam1-10_0733 0.943317 743 0 1276 299 
cam1-10_0733 0.94333 356 0 644 240 
cam1-10_0734 0.943547 741 1 1275 301 
cam1-10_0734 0.941452 363 0 642 238 
cam1-10_0735 0.940654 743 0 1272 301 
cam1-10_0735 0.943272 364 0 652 227 
cam1-10_0736 0.939407 743 0 1277 304 
cam1-10_0736 0.940728 368 0 656 237 
cam1-10_0737 0.940802 743 0 1274 305 
cam1-10_0737 0.94949 370 0 653 240 
cam1-10_0738 0.941338 744 0 1277 300 
cam1-10_0738 0.958519 366 0 654 241 
cam1-10_0739 0.938643 744 0 1275 300 
cam1-10_0739 0.963175 363 0 655 234 
cam1-10_0740 0.937772 747 0 1271 299 
cam1-10_0740 0.965783 365 0 656 237 
cam1-10_0741 0.936458 746 0 1269 298 
cam1-10_0741 0.967548 364 0 657 245 
cam1-10_0742 0.935307 750 0 1269 295 
cam1-10_0742 0.967459 357 0 655 246 
cam1-10_0743 0.936129 747 0 1263 293 
cam1-10_0743 0.966885 355 0 654 248 
cam1-10_0744 0.937284 746 0 1257 299 
cam1-10_0744 0.963011 357 0 659 243 
cam1-10_0745 0.933822 746 0 1244 295 
cam1-10_0745 0.96384 362 0 659 240 
cam1-10_0746 0.934561 747 0 1239 295 
cam1-10_0746 0.961198 356 0 662 242 
cam1-10_0747 0.936795 748 0 1236 301 
cam1-10_0747 0.960743 354 0 666 249 
cam1-10_0748 0.938722 755 0 1243 305 
cam1-10_0748 0.962099 351 0 669 242 
cam1-10_0749 0.936134 765 0 1244 309 
cam1-10_0749 0.963545 346 2 664 248 
cam1-10_0750 0.937605 775 0 1261 325 
cam1-10_0750 0.964152 335 1 661 253 
cam1-10_0751 0.94211 781 2 1272 330 
cam1-10_0751 0.966681 324 0 666 265 
cam1-10_0752 0.944186 781 1 1275 331 
cam1-10_0752 0.963925 313 0 663 272 
cam1-10_0753 0.950607 779 0 1276 329 
cam1-10_0753 0.961701 301 0 658 281 
cam1-10_0754 0.951895 777 0 1277 324 
cam1-10_0754 0.959232 290 2 654 284 
cam1-10_0755 0.95446 777 0 1275 325 
cam1-10_0755 0.954392 277 1 651 274 
cam1-10_0756 0.950471 757 0 1278 324 
cam1-10_0756 0.952117 257 0 664 274 
cam1-10_0757 0.950771 733 0 1280 325 
cam1-10_0757 0.946451 228 0 670 276 
cam1-10_0758 0.940357 731 0 1279 327 
cam1-10_0758 0.949751 212 0 665 272 
cam1-10_0759 0.870801 730 0 1259 323 
cam1-10_0759 0.94629 199 0 665 282 
cam1-10_0760 0.948387 205 0 662 281 
cam1-10_0760 0.757616 730 0 1208 324 
cam1-10_0761 0.950856 214 0 668 281 
cam1-10_0761 0.361775 344 288 732 585 
cam1-10_0761 0.789984 726 0 1195 334 
cam1-10_0762 0.948836 213 0 673 282 
cam1-10_0762 0.904078 718 0 1159 340 
cam1-10_0762 0.609814 343 286 733 584 
cam1-10_0763 0.94897 219 0 676 284 
cam1-10_0763 0.778091 717 0 1148 321 
cam1-10_0763 0.489487 347 284 731 585 
cam1-10_0764 0.686055 722 0 1122 309 
cam1-10_0764 0.948018 216 1 676 278 
cam1-10_0764 0.550496 350 281 730 584 
cam1-10_0765 0.948862 235 2 675 276 
cam1-10_0765 0.820674 726 0 1155 311 
cam1-10_0765 0.58247 349 277 727 583 
cam1-10_0766 0.942639 239 2 670 269 
cam1-10_0766 0.532638 350 264 729 582 
cam1-10_0766 0.837302 730 0 1212 339 
cam1-10_0767 0.473675 349 252 731 578 
cam1-10_0767 0.944111 240 3 666 265 
cam1-10_0767 0.899404 723 0 1267 370 
cam1-10_0768 0.94312 228 2 660 261 
cam1-10_0768 0.873505 723 0 1278 401 
cam1-10_0769 0.951575 187 0 667 259 
cam1-10_0769 0.848168 712 0 1279 412 
cam1-10_0770 0.437941 343 211 736 580 
cam1-10_0770 0.876096 707 1 1279 435 
cam1-10_0770 0.949259 110 0 673 255 
cam1-10_0771 0.874493 712 0 1278 457 
cam1-10_0771 0.513287 345 203 736 583 
cam1-10_0771 0.939681 94 0 647 255 
cam1-10_0772 0.393089 345 192 733 584 
cam1-10_0772 0.89539 718 0 1278 466 
cam1-10_0772 0.928108 109 0 634 253 
cam1-10_0773 0.926192 705 0 1278 482 
cam1-10_0773 0.929868 128 0 639 249 
cam1-10_0774 0.904303 698 0 1279 507 
cam1-10_0774 0.933183 159 0 659 228 
cam1-10_0775 0.940176 700 0 1278 522 
cam1-10_0775 0.94303 168 0 649 249 
cam1-10_0776 0.927343 701 0 1277 525 
cam1-10_0776 0.943435 172 0 649 256 
cam1-10_0777 0.934977 699 1 1280 528 
cam1-10_0777 0.941694 176 0 658 265 
cam1-10_0778 0.94025 181 0 659 270 
cam1-10_0778 0.935132 700 3 1276 527 
cam1-10_0779 0.940029 700 1 1278 524 
cam1-10_0779 0.938811 186 0 652 267 
cam1-10_0780 0.946069 702 0 1279 523 
cam1-10_0780 0.93432 201 0 640 275 
cam1-10_0781 0.953795 699 0 1276 523 
cam1-10_0781 0.923131 207 0 641 269 
cam1-10_0782 0.959644 697 0 1280 520 
cam1-10_0782 0.905725 213 0 640 259 
cam1-10_0783 0.953228 695 0 1275 519 
cam1-10_0783 0.915797 229 0 632 255 
cam1-10_0784 0.958835 698 0 1280 523 
cam1-10_0784 0.912556 239 0 630 251 
cam1-10_0785 0.922524 253 2 631 247 
cam1-10_0785 0.954025 693 3 1280 548 
cam1-10_0786 0.926185 253 1 625 240 
cam1-10_0786 0.953497 701 2 1280 555 
cam1-10_0787 0.926219 255 4 646 244 
cam1-10_0787 0.944501 700 6 1280 545 
cam1-10_0788 0.943427 702 3 1280 525 
cam1-10_0788 0.928582 266 1 646 242 
cam1-10_0789 0.937404 697 3 1269 501 
cam1-10_0789 0.934111 264 0 643 239 
cam1-10_0790 0.926557 697 6 1269 493 
cam1-10_0790 0.939508 262 0 641 239 
cam1-10_0791 0.919627 692 5 1266 487 
cam1-10_0791 0.945965 262 0 634 220 
cam1-10_0791 0.49927 38 85 669 482 
cam1-10_0792 0.920282 696 7 1263 491 
cam1-10_0792 0.945725 257 0 629 214 
cam1-10_0792 0.465224 35 103 668 491 
cam1-10_0793 0.926578 692 6 1263 506 
cam1-10_0793 0.776117 39 114 665 497 
cam1-10_0793 0.948201 255 1 631 217 
cam1-10_0794 0.888431 41 112 656 497 
cam1-10_0794 0.945499 691 8 1256 517 
cam1-10_0794 0.95006 259 0 630 210 
cam1-10_0795 0.911899 51 115 666 498 
cam1-10_0795 0.958043 250 0 633 219 
cam1-10_0795 0.943207 694 9 1260 527 
cam1-10_0796 0.917073 53 121 671 501 
cam1-10_0796 0.945413 699 9 1271 526 
cam1-10_0796 0.95467 239 0 635 225 
cam1-10_0797 0.938478 706 4 1280 514 
cam1-10_0797 0.928073 54 125 676 500 
cam1-10_0797 0.956558 235 0 641 225 
cam1-10_0798 0.946229 700 0 1271 508 
cam1-10_0798 0.939272 57 123 682 500 
cam1-10_0798 0.954623 221 0 649 226 
cam1-10_0799 0.950824 699 0 1277 484 
cam1-10_0799 0.936428 54 123 677 503 
cam1-10_0799 0.95262 209 0 653 244 
cam1-10_0800 0.945181 696 0 1278 467 
cam1-10_0800 0.930971 60 122 676 500 
cam1-10_0800 0.95547 208 0 655 241 
cam1-10_0801 0.940023 689 0 1275 437 
cam1-10_0801 0.925428 65 132 673 500 
cam1-10_0801 0.955435 192 0 659 240 
cam1-10_0802 0.936085 71 132 677 501 
cam1-10_0802 0.941575 678 0 1277 414 
cam1-10_0802 0.957975 194 0 662 247 
cam1-10_0803 0.941725 77 132 651 503 
cam1-10_0803 0.923863 675 0 1272 398 
cam1-10_0803 0.958938 207 0 673 244 
cam1-10_0804 0.942823 80 124 666 505 
cam1-10_0804 0.958113 218 0 680 247 
cam1-10_0804 0.914054 677 0 1265 395 
cam1-10_0805 0.938946 78 124 650 510 
cam1-10_0805 0.960437 222 0 685 249 
cam1-10_0805 0.937425 681 0 1269 395 
cam1-10_0806 0.940659 80 130 619 513 
cam1-10_0806 0.944293 690 0 1272 381 
cam1-10_0806 0.952129 223 0 684 252 
cam1-10_0807 0.937078 94 141 601 516 
cam1-10_0807 0.939867 692 1 1272 378 
cam1-10_0807 0.952101 220 0 687 247 
cam1-10_0808 0.935933 97 144 636 518 
cam1-10_0808 0.93819 691 0 1266 380 
cam1-10_0808 0.950579 223 0 685 255 
cam1-10_0809 0.943846 692 0 1262 379 
cam1-10_0809 0.930463 38 131 629 521 
cam1-10_0809 0.942036 229 0 685 245 
cam1-10_0810 0.948122 690 0 1263 385 
cam1-10_0810 0.943374 223 0 684 243 
cam1-10_0810 0.929782 1 120 637 539 
cam1-10_0811 0.944352 690 0 1258 383 
cam1-10_0811 0.937206 216 0 674 249 
cam1-10_0811 0.927906 0 141 622 546 
cam1-10_0812 0.937692 217 0 670 252 
cam1-10_0812 0.948136 689 0 1251 383 
cam1-10_0812 0.922973 8 185 671 557 
cam1-10_0813 0.948136 212 0 666 257 
cam1-10_0813 0.937692 686 0 1252 378 
cam1-10_0813 0.922973 18 192 663 563 
cam1-10_0814 0.948136 203 0 658 260 
cam1-10_0814 0.922973 14 195 697 572 
cam1-10_0814 0.937692 684 0 1254 377 
cam1-10_0815 0.937692 5 192 697 581 
cam1-10_0815 0.948136 200 0 656 255 
cam1-10_0815 0.922973 687 1 1256 375 
cam1-10_0816 0.937692 209 0 651 262 
cam1-10_0816 0.948136 1 199 709 588 
cam1-10_0816 0.922973 694 1 1250 377 
cam1-10_0817 0.948136 234 0 651 271 
cam1-10_0817 0.937692 0 204 719 596 
cam1-10_0817 0.922973 696 1 1243 381 
cam1-10_0818 0.947394 258 0 645 273 
cam1-10_0818 0.831153 0 207 733 603 
cam1-10_0818 0.959306 698 1 1242 381 
cam1-10_0819 0.945862 267 0 639 274 
cam1-10_0819 0.75299 0 170 729 610 
cam1-10_0819 0.96396 698 0 1241 379 
cam1-10_0820 0.947175 302 0 635 284 
cam1-10_0820 0.966713 696 0 1236 388 
cam1-10_0821 0.945982 309 0 626 282 
cam1-10_0821 0.482319 39 95 730 616 
cam1-10_0821 0.962506 697 0 1238 388 
cam1-10_0822 0.484797 120 160 721 614 
cam1-10_0822 0.938446 310 0 623 269 
cam1-10_0822 0.964992 697 0 1236 386 
cam1-10_0823 0.601256 129 224 716 599 
cam1-10_0823 0.943538 319 0 625 274 
cam1-10_0823 0.964814 700 0 1234 383 
cam1-10_0824 0.466848 138 215 719 591 
cam1-10_0824 0.944176 318 0 617 274 
cam1-10_0824 0.965979 702 2 1233 375 
cam1-10_0825 0.450213 132 209 720 580 
cam1-10_0825 0.962461 709 1 1232 334 
cam1-10_0825 0.937099 324 0 617 275 
cam1-10_0826 0.96042 703 1 1250 316 
cam1-10_0826 0.555191 131 197 719 569 
cam1-10_0826 0.923792 329 0 615 268 
cam1-10_0827 0.954421 703 3 1268 301 
cam1-10_0827 0.925892 331 0 619 265 
cam1-10_0828 0.953088 707 2 1277 296 
cam1-10_0828 0.933811 331 0 610 251 
cam1-10_0829 0.953085 710 2 1280 295 
cam1-10_0829 0.939649 330 0 616 260 
cam1-10_0830 0.954395 718 0 1280 290 
cam1-10_0830 0.459465 133 154 709 536 
cam1-10_0830 0.945048 330 0 612 255 
cam1-10_0831 0.95023 725 0 1280 291 
cam1-10_0831 0.56514 128 139 710 529 
cam1-10_0831 0.94449 323 0 623 258 
cam1-10_0832 0.937198 760 1 1280 290 
cam1-10_0832 0.943322 322 0 620 253 
cam1-10_0833 0.791451 125 140 702 519 
cam1-10_0833 0.93907 796 1 1277 284 
cam1-10_0833 0.938632 328 0 624 253 
cam1-10_0834 0.946936 845 0 1276 280 
cam1-10_0834 0.854153 130 127 703 515 
cam1-10_0834 0.937577 330 0 626 255 
cam1-10_0835 0.952959 845 0 1276 286 
cam1-10_0835 0.867499 131 121 702 508 
cam1-10_0835 0.93992 322 0 623 256 
