cam1-10_0195 0.61707 118 3 658 445 
cam1-10_0196 0.455236 105 5 667 452 
cam1-10_0197 0.832574 119 15 660 478 
cam1-10_0198 0.639697 157 41 676 509 
cam1-10_0212 0.632703 192 0 579 278 
cam1-10_0213 0.616706 186 0 583 298 
cam1-10_0214 0.826312 180 0 583 311 
cam1-10_0215 0.88691 186 0 585 331 
cam1-10_0216 0.872417 182 2 586 346 
cam1-10_0217 0.867573 174 2 585 353 
cam1-10_0218 0.838196 147 16 593 357 
cam1-10_0219 0.804903 90 28 596 358 
cam1-10_0220 0.529257 51 52 592 360 
cam1-10_0221 0.486245 28 63 594 359 
cam1-10_0295 0.870168 228 3 588 326 
cam1-10_0296 0.933293 200 0 586 318 
cam1-10_0297 0.938906 183 0 588 313 
cam1-10_0298 0.949369 164 0 588 315 
cam1-10_0299 0.951009 154 0 584 314 
cam1-10_0300 0.946808 133 1 584 315 
cam1-10_0301 0.94382 115 0 589 308 
cam1-10_0302 0.949415 99 0 590 308 
cam1-10_0303 0.953431 84 0 588 306 
cam1-10_0304 0.958417 65 1 588 306 
cam1-10_0305 0.956062 10 0 588 308 
cam1-10_0306 0.957445 2 0 590 308 
cam1-10_0307 0.958514 0 1 589 304 
cam1-10_0308 0.95016 2 1 591 303 
cam1-10_0309 0.938751 2 1 591 303 
cam1-10_0310 0.913988 3 0 590 303 
cam1-10_0311 0.832862 4 0 589 306 
cam1-10_0312 0.527709 0 0 590 305 
cam1-10_0327 0.495041 730 17 1174 464 
cam1-10_0328 0.679922 726 2 1211 455 
cam1-10_0329 0.857392 729 3 1255 447 
cam1-10_0330 0.904397 736 4 1277 437 
cam1-10_0331 0.911753 734 6 1276 423 
cam1-10_0332 0.932169 729 0 1276 414 
cam1-10_0333 0.939678 730 0 1277 404 
cam1-10_0334 0.941897 725 0 1278 400 
cam1-10_0335 0.934278 730 0 1275 399 
cam1-10_0336 0.921033 729 0 1276 397 
cam1-10_0337 0.924589 732 2 1271 384 
cam1-10_0338 0.913433 730 0 1273 389 
cam1-10_0339 0.897625 731 0 1272 398 
cam1-10_0340 0.9156 732 1 1273 399 
cam1-10_0341 0.883521 732 3 1277 400 
cam1-10_0342 0.78025 734 2 1278 394 
cam1-10_0386 0.424386 227 0 588 326 
cam1-10_0387 0.717957 203 3 583 322 
cam1-10_0388 0.844033 183 0 581 318 
cam1-10_0389 0.89126 167 1 586 302 
cam1-10_0390 0.923828 158 0 578 289 
cam1-10_0391 0.928787 151 0 576 285 
cam1-10_0392 0.927848 146 1 578 278 
cam1-10_0393 0.932283 142 0 578 278 
cam1-10_0394 0.944095 128 0 576 285 
cam1-10_0395 0.942424 109 0 576 279 
cam1-10_0396 0.938996 101 0 577 270 
cam1-10_0397 0.94195 96 1 579 275 
cam1-10_0398 0.950794 95 1 580 278 
cam1-10_0399 0.951956 94 0 578 273 
cam1-10_0400 0.943448 86 0 578 273 
cam1-10_0401 0.854884 60 1 583 273 
cam1-10_0670 0.497816 738 0 1238 293 
cam1-10_0727 0.570707 338 250 732 574 
cam1-10_0728 0.529446 337 239 732 579 
cam1-10_0729 0.688881 339 237 731 578 
cam1-10_0773 0.357119 347 188 733 583 
cam1-10_0774 0.420989 345 182 735 579 
cam1-10_0775 0.510482 342 186 735 579 
cam1-10_0776 0.672726 334 185 735 580 
cam1-10_0777 0.72791 321 168 736 584 
cam1-10_0778 0.646871 300 160 734 590 
cam1-10_0779 0.756267 273 162 725 589 
cam1-10_0780 0.741826 231 164 709 575 
cam1-10_0781 0.790282 198 144 687 569 
cam1-10_0782 0.820049 154 110 679 550 
cam1-10_0783 0.768754 120 107 677 532 
cam1-10_0784 0.825824 95 86 685 527 
cam1-10_0785 0.847204 78 79 694 521 
cam1-10_0786 0.8405 60 76 695 515 
cam1-10_0787 0.794851 54 71 692 518 
cam1-10_0788 0.745355 58 79 687 524 
cam1-10_0789 0.726807 49 64 669 503 
cam1-10_0790 0.653839 47 76 674 485 
