     0/272     1.35G      0.19         0     0.566     0.787      1.54        52       384      0.285      0.989       0.92      0.442      0.307
     1/272     1.31G     0.147         0      0.14   0.00346      0.29        50       352      0.387      0.997       0.97      0.558      0.251
     2/272     1.22G     0.137         0     0.123   0.00159     0.261        22       320      0.487      0.997      0.974      0.654      0.236
     3/272     1.43G     0.129         0      0.11    0.0012     0.241        18       512      0.524      0.996      0.989      0.687      0.232
     4/272     8.01G     0.127         0     0.106   0.00127     0.233        15       352      0.501      0.998      0.979      0.667       0.22
     5/272     1.46G     0.123         0     0.101   0.00106     0.225        12       544      0.509      0.998      0.993      0.674       0.21
     6/272     8.01G     0.119         0    0.0978  0.000709     0.217        15       320      0.509      0.999      0.978      0.674      0.203
     7/272     8.02G     0.117         0    0.0948  0.000622     0.213        14       352      0.431      0.999      0.971      0.602      0.199
     8/272     8.02G     0.114         0    0.0894  0.000701     0.204        47       352      0.517      0.999      0.982      0.681      0.196
     9/272     8.02G     0.113         0    0.0912  0.000525     0.205        16       544       0.58      0.999      0.987      0.734      0.184
    10/272     8.02G      0.11         0    0.0864  0.000443     0.197        30       352        0.5      0.999       0.98      0.666      0.194
    11/272     8.02G     0.109         0    0.0856  0.000421     0.195        21       544       0.58          1      0.975      0.734      0.181
    12/272     8.02G     0.108         0    0.0833  0.000406     0.192        18       512      0.586          1      0.973      0.739      0.177
    13/272     1.53G     0.107         0    0.0831  0.000426     0.191        14       608       0.56      0.999       0.98      0.718      0.177
    14/272     9.04G     0.106         0    0.0795   0.00039     0.186        19       512      0.548      0.999      0.975      0.708       0.18
    15/272     1.43G     0.104         0    0.0804  0.000318     0.185        17       448      0.532      0.999      0.969      0.694      0.174
    16/272     1.43G     0.104         0    0.0801  0.000297     0.184        26       480      0.584      0.999      0.974      0.737      0.174
    17/272     1.71G     0.103         0    0.0786  0.000336     0.182        53       512      0.634      0.999      0.978      0.776       0.18
    18/272     1.72G     0.103         0    0.0799  0.000321     0.183        50       480      0.582      0.999      0.978      0.735      0.168
    19/272      1.5G     0.101         0    0.0752  0.000335     0.177        22       352      0.514      0.999      0.974      0.678      0.182
    20/272     1.62G     0.101         0     0.077  0.000282     0.178        18       384      0.527      0.999      0.971       0.69      0.178
    21/272     1.72G       0.1         0    0.0781  0.000243     0.179        15       544      0.664          1      0.983      0.798      0.163
    22/272       10G    0.0993         0    0.0734  0.000276     0.173        12       352      0.526      0.999      0.974      0.689       0.17
    23/272       10G    0.0989         0     0.074  0.000256     0.173        15       480      0.593      0.999      0.971      0.744      0.167
    24/272     1.78G    0.0987         0     0.073  0.000267     0.172        14       608      0.648      0.999      0.983      0.786      0.174
    25/272     8.82G    0.0984         0    0.0712  0.000255      0.17        46       352      0.601          1      0.978       0.75      0.169
    26/272     8.82G    0.0978         0    0.0709   0.00028     0.169        17       512      0.588      0.999       0.97       0.74      0.165
    27/272     8.82G    0.0971         0    0.0697  0.000281     0.167        28       544      0.595          1      0.977      0.746      0.163
    28/272     8.82G    0.0964         0    0.0722   0.00025     0.169        21       512      0.588      0.999      0.968      0.741      0.155
    29/272     8.83G    0.0959         0    0.0695  0.000223     0.166        18       544      0.624      0.999      0.976      0.768      0.163
    30/272     8.83G    0.0952         0    0.0681  0.000226     0.164        14       384      0.534          1      0.966      0.696       0.17
    31/272     1.71G    0.0949         0    0.0691   0.00022     0.164        19       448      0.545      0.999      0.969      0.705      0.171
    32/272      9.9G    0.0956         0    0.0734  0.000258     0.169        17       352      0.544      0.999      0.968      0.705      0.166
    33/272      9.9G    0.0945         0    0.0684  0.000218     0.163        26       448      0.601      0.999       0.97      0.751      0.164
    34/272      9.9G    0.0943         0    0.0686  0.000242     0.163        16       448      0.591      0.999       0.97      0.743      0.156
    35/272      9.9G    0.0935         0     0.067  0.000214     0.161        26       384      0.536      0.999      0.959      0.698      0.164
    36/272      9.9G    0.0934         0    0.0678  0.000193     0.161        11       448      0.596      0.999      0.967      0.747      0.173
    37/272      9.9G    0.0932         0    0.0692  0.000206     0.163        27       480      0.625      0.999      0.977      0.769      0.175
    38/272      9.9G    0.0929         0     0.066  0.000268     0.159        19       544      0.605      0.999      0.974      0.754      0.163
    39/272      9.9G    0.0927         0    0.0679  0.000218     0.161        17       384      0.576          1      0.971      0.731       0.16
    40/272     1.75G    0.0923         0    0.0654  0.000199     0.158        30       576      0.625      0.999      0.964      0.769      0.154
    41/272     1.64G    0.0916         0    0.0684  0.000201      0.16        28       416      0.575      0.999      0.965       0.73      0.164
    42/272     1.51G    0.0922         0     0.067  0.000215     0.159        21       320      0.516      0.999      0.956       0.68      0.174
    43/272     9.72G    0.0916         0    0.0674  0.000225     0.159        29       416      0.579      0.999      0.966      0.733      0.154
    44/272     9.72G    0.0914         0    0.0672  0.000203     0.159        20       480      0.606      0.999       0.97      0.755      0.156
    45/272     9.72G     0.091         0    0.0655  0.000184     0.157        17       576      0.611          1      0.967      0.759      0.162
    46/272     9.72G     0.091         0    0.0666  0.000197     0.158        21       384      0.567      0.999      0.963      0.723      0.169
    47/272     9.72G    0.0902         0    0.0629  0.000232     0.153        44       416      0.574      0.999      0.962      0.729       0.16
    48/272     9.72G    0.0899         0    0.0636  0.000174     0.154        39       352      0.568      0.999      0.963      0.725      0.159
    49/272     9.72G    0.0899         0    0.0643  0.000176     0.154        27       352      0.541      0.999      0.952      0.702      0.167
    50/272     9.72G    0.0898         0    0.0616  0.000195     0.152        30       384      0.564      0.999      0.966      0.721       0.16
    51/272     1.69G    0.0896         0    0.0655  0.000218     0.155        52       480      0.616      0.999      0.968      0.762      0.166
    52/272     8.15G    0.0892         0    0.0647  0.000179     0.154        50       480      0.559      0.999      0.974      0.717      0.162
    53/272     1.63G    0.0883         0    0.0631  0.000141     0.152        22       384      0.606      0.999      0.973      0.754      0.164
    54/272     1.72G    0.0886         0    0.0651  0.000324     0.154        18       512      0.533      0.999      0.967      0.695      0.165
    55/272     1.51G    0.0887         0    0.0661  0.000165     0.155        15       320       0.55      0.999      0.961       0.71      0.166
    56/272     7.99G    0.0879         0    0.0616  0.000146      0.15        12       512      0.592      0.999      0.963      0.743      0.159
    57/272     7.99G    0.0883         0    0.0628  0.000163     0.151        15       480      0.629      0.999       0.97      0.772      0.156
    58/272     7.99G    0.0875         0    0.0614  0.000159     0.149        14       480      0.628      0.999       0.97      0.771      0.156
    59/272     7.99G    0.0873         0     0.063  0.000158      0.15        47       512      0.615      0.999      0.972      0.762      0.154
    60/272     2.17G    0.0874         0    0.0604  0.000145     0.148        17       608      0.656      0.999      0.976      0.792       0.16
    61/272     2.04G    0.0874         0    0.0593   0.00019     0.147        31       576      0.581      0.999      0.967      0.735      0.167
    62/272     10.3G    0.0865         0    0.0614  0.000133     0.148        21       576      0.614      0.999      0.972      0.761      0.157
    63/272     10.3G    0.0866         0    0.0608  0.000138     0.148        18       512      0.638      0.999      0.977      0.779      0.149
    64/272     10.3G    0.0866         0    0.0602  0.000146     0.147        14       320       0.56      0.999      0.959      0.718      0.169
    65/272     10.3G    0.0867         0    0.0616  0.000168     0.149        19       608      0.586      0.999      0.968      0.739      0.152
    66/272     1.71G     0.086         0    0.0589  0.000153     0.145        16       448      0.621      0.999       0.97      0.766      0.151
    67/272      9.9G     0.086         0    0.0592  0.000188     0.145        26       480      0.607      0.999      0.962      0.755      0.156
    68/272      9.9G    0.0861         0    0.0601  0.000153     0.146        16       448      0.611      0.999      0.974      0.758      0.149
    69/272      9.9G    0.0861         0    0.0605  0.000171     0.147        26       608        0.6      0.999      0.968       0.75       0.15
    70/272      9.9G    0.0856         0    0.0593  0.000147     0.145        11       576      0.616      0.999      0.976      0.762      0.158
    71/272     1.73G    0.0853         0    0.0551  0.000133      0.14        27       544      0.563      0.999       0.96       0.72      0.159
    72/272       10G    0.0856         0    0.0603  0.000159     0.146        19       608      0.657      0.998      0.976      0.793      0.154
    73/272       10G     0.085         0    0.0566  0.000138     0.142        17       544      0.539      0.999      0.947        0.7      0.167
    74/272     1.63G    0.0849         0    0.0604  0.000178     0.145        30       416      0.522      0.999      0.963      0.685      0.157
    75/272     9.62G    0.0856         0    0.0612  0.000165     0.147        28       416      0.569          1      0.965      0.725      0.164
    76/272     9.62G    0.0844         0    0.0573  0.000133     0.142        20       320      0.599      0.999      0.962      0.749      0.153
    77/272     9.62G    0.0838         0    0.0585  0.000123     0.142        31       448      0.618      0.999      0.967      0.764      0.158
    78/272     9.62G     0.084         0    0.0563  0.000119      0.14        20       448      0.585      0.999      0.959      0.738       0.16
    79/272     9.62G    0.0845         0    0.0605   0.00015     0.145        17       480      0.634      0.999      0.965      0.776      0.157
    80/272     9.62G    0.0845         0    0.0568  0.000151     0.141        21       576      0.647      0.999      0.968      0.785      0.159
    81/272      1.5G     0.084         0    0.0582  0.000132     0.142        47       352      0.564      0.999      0.956      0.721      0.154
    82/272     9.34G     0.083         0    0.0565   0.00011      0.14        38       384      0.555          1      0.959      0.714      0.154
    83/272     9.35G    0.0833         0    0.0566  0.000119      0.14        27       544      0.543      0.999      0.947      0.703      0.154
    84/272     9.35G    0.0831         0     0.059    0.0002     0.142        25       352      0.605          1      0.962      0.754      0.195
    85/272     9.35G     0.084         0    0.0586  0.000137     0.143        10       416      0.612      0.999      0.957      0.759      0.155
    86/272     9.35G    0.0831         0    0.0561  0.000128     0.139        13       384      0.529      0.999       0.94      0.691       0.17
    87/272     9.35G     0.083         0    0.0553  0.000142     0.138        12       512      0.573      0.999      0.946      0.729      0.155
    88/272     9.35G    0.0828         0    0.0577  0.000113     0.141        16       480      0.577      0.999      0.958      0.732      0.166
    89/272     9.35G    0.0831         0     0.057  0.000118      0.14        15       480      0.627      0.999      0.961      0.771       0.16
    90/272     9.35G    0.0826         0    0.0559   0.00012     0.139        45       416       0.61      0.999      0.959      0.757       0.16
    91/272     9.35G     0.083         0    0.0566  0.000187      0.14        21       448       0.65          1      0.975      0.787      0.149
    92/272     9.35G     0.082         0    0.0524  0.000121     0.135        12       544      0.645          1      0.979      0.784      0.157
    93/272     9.35G     0.082         0    0.0537  0.000112     0.136        29       416      0.605          1      0.969      0.754      0.151
    94/272     9.35G    0.0822         0    0.0568  0.000154     0.139        20       544      0.641      0.999       0.97      0.781      0.162
    95/272     9.35G    0.0819         0    0.0567  0.000119     0.139        28       576      0.664          1      0.968      0.798      0.155
    96/272     9.35G    0.0819         0    0.0547  0.000124     0.137        31       512      0.646      0.999       0.98      0.784      0.158
    97/272     9.35G     0.082         0    0.0528   0.00013     0.135        26       576       0.61      0.999      0.956      0.757      0.155
    98/272     9.35G    0.0816         0    0.0547  0.000113     0.136        33       576      0.612      0.999      0.956      0.759      0.157
    99/272     9.35G    0.0818         0     0.056  0.000121     0.138        20       352       0.59      0.999      0.955      0.742      0.165
   100/272     9.35G    0.0814         0    0.0566  0.000112     0.138        14       416      0.594      0.999       0.97      0.745      0.163
   101/272     9.35G    0.0814         0    0.0544  0.000111     0.136        14       480      0.585      0.999      0.951      0.738      0.151
   102/272     9.35G    0.0806         0    0.0532  0.000121     0.134        42       608      0.622      0.999      0.969      0.767      0.156
   103/272     9.35G    0.0809         0    0.0524  0.000124     0.133        13       384      0.562      0.999      0.959      0.719      0.162
   104/272     9.35G    0.0814         0    0.0565  0.000205     0.138        25       416      0.562      0.999      0.952      0.719      0.159
   105/272     9.35G     0.081         0    0.0548  0.000121     0.136        18       512       0.64      0.999      0.961       0.78      0.157
   106/272     9.35G    0.0807         0     0.055  0.000115     0.136        25       576      0.633      0.999      0.957      0.775      0.162
   107/272     9.35G    0.0805         0    0.0551  0.000113     0.136        20       320       0.58      0.999      0.943      0.734      0.171
   108/272     9.35G    0.0801         0    0.0544  9.36e-05     0.135        20       416      0.614      0.999      0.972       0.76      0.163
   109/272     9.35G    0.0803         0    0.0544  0.000106     0.135        10       544      0.664          1      0.968      0.798      0.163
   110/272     9.35G    0.0801         0     0.052  9.87e-05     0.132        26       320      0.599      0.999      0.952      0.749      0.176
   111/272     9.35G    0.0799         0    0.0512  0.000101     0.131        45       320      0.621          1      0.967      0.766      0.182
   112/272     9.35G      0.08         0    0.0527  9.74e-05     0.133        29       480      0.627          1      0.959      0.771      0.158
   113/272     9.35G    0.0802         0    0.0549  0.000114     0.135        18       608      0.608      0.998       0.96      0.756      0.159
   114/272     9.35G    0.0799         0    0.0526  0.000105     0.133        15       480      0.584          1      0.952      0.737      0.165
   115/272     9.35G    0.0795         0    0.0521  0.000109     0.132        19       448        0.6      0.999      0.947       0.75      0.166
   116/272     9.35G    0.0792         0    0.0504   9.6e-05      0.13        20       416      0.652      0.999      0.968      0.789      0.167
   117/272     9.35G    0.0795         0    0.0516  0.000128     0.131        16       608      0.644          1      0.967      0.784      0.167
   118/272     9.35G    0.0792         0     0.052  0.000111     0.131        19       608       0.62      0.999      0.955      0.765       0.16
   119/272     9.35G    0.0793         0     0.053  0.000108     0.132        17       448      0.633      0.999      0.952      0.775      0.168
   120/272     9.35G    0.0793         0    0.0532  0.000102     0.133        15       384      0.596          1       0.96      0.747      0.164
   121/272     9.35G    0.0792         0    0.0506  0.000107      0.13        19       480      0.637          1       0.96      0.778      0.169
   122/272     9.35G    0.0788         0    0.0517  0.000101     0.131        19       384      0.643          1      0.962      0.783      0.177
   123/272     9.35G    0.0788         0    0.0499  0.000108     0.129        23       608      0.586      0.999      0.933      0.739      0.173
   124/272     9.35G    0.0789         0    0.0502  0.000111     0.129        20       544      0.607      0.999       0.95      0.755      0.167
   125/272     9.35G    0.0792         0    0.0539  0.000113     0.133        15       512      0.636      0.999      0.955      0.777      0.165
   126/272     9.35G    0.0783         0    0.0509    0.0001     0.129        10       608      0.653      0.999       0.97       0.79      0.155
   127/272     9.35G    0.0791         0    0.0513  0.000129      0.13        31       384       0.61          1      0.959      0.758      0.175
   128/272     9.35G    0.0788         0    0.0529  0.000121     0.132        20       576       0.65      0.999      0.959      0.788      0.164
   129/272     9.35G    0.0789         0    0.0538  0.000123     0.133        28       416      0.623          1      0.961      0.767       0.17
   130/272     9.35G    0.0785         0    0.0532  0.000103     0.132        20       448      0.616          1       0.95      0.762      0.165
   131/272     9.35G    0.0778         0    0.0488  8.99e-05     0.127        10       512      0.668      0.999      0.965      0.801      0.165
   132/272     9.35G    0.0784         0    0.0518   8.8e-05      0.13        21       544       0.66          1      0.962      0.795      0.153
   133/272     9.35G    0.0779         0    0.0508  9.13e-05     0.129        24       576      0.655      0.999      0.959      0.791      0.165
   134/272     9.35G    0.0778         0    0.0504  0.000162     0.128        31       320      0.654      0.999      0.951       0.79      0.188
   135/272     9.35G    0.0777         0    0.0521  8.67e-05      0.13        24       480      0.624      0.999       0.96      0.768      0.165
   136/272     9.35G    0.0779         0    0.0503  9.11e-05     0.128        27       512      0.646      0.999      0.956      0.784      0.166
   137/272     9.35G    0.0782         0    0.0538  9.52e-05     0.132        20       512      0.649      0.999      0.957      0.787      0.173
   138/272     9.35G    0.0773         0    0.0501  8.21e-05     0.127        36       384      0.652          1      0.958      0.789      0.169
   139/272     9.35G    0.0774         0    0.0506  7.76e-05     0.128        20       352      0.562          1      0.958       0.72      0.177
   140/272     9.35G    0.0776         0    0.0527   8.8e-05      0.13        23       320       0.58          1      0.963      0.734      0.174
   141/272     9.35G    0.0774         0    0.0505  9.48e-05     0.128        29       480      0.615      0.999      0.956      0.761      0.176
   142/272     9.35G    0.0775         0    0.0523  0.000101      0.13        28       448      0.619      0.999      0.963      0.764      0.168
   143/272     9.35G     0.077         0    0.0479  8.29e-05     0.125        29       512      0.608          1       0.97      0.756      0.176
   144/272     9.35G    0.0765         0    0.0473  7.63e-05     0.124        21       320      0.679          1      0.962      0.809      0.177
   145/272     9.35G     0.077         0    0.0509  8.17e-05     0.128        16       352      0.586          1       0.95      0.739      0.186
   146/272     9.35G     0.077         0    0.0489  8.67e-05     0.126        24       608       0.64      0.999      0.961      0.781      0.156
   147/272     9.35G    0.0765         0    0.0498  8.17e-05     0.126        29       608      0.682          1      0.964      0.811      0.155
   148/272     9.35G    0.0762         0    0.0494  8.59e-05     0.126        28       512      0.658      0.999      0.954      0.793      0.164
   149/272     9.35G    0.0766         0    0.0473   7.9e-05     0.124        29       480      0.636          1      0.966      0.778      0.165
   150/272     9.35G    0.0763         0     0.049  8.58e-05     0.125        16       352      0.616          1      0.946      0.762      0.172
   151/272     9.35G    0.0767         0     0.048  7.71e-05     0.125        16       352      0.614          1      0.962       0.76      0.165
   152/272     9.35G    0.0766         0    0.0492  8.93e-05     0.126        10       352      0.643      0.999      0.957      0.782      0.165
   153/272     9.35G    0.0764         0    0.0501  8.33e-05     0.127        33       512      0.677      0.999      0.963      0.807      0.166
   154/272     9.35G    0.0764         0    0.0499  7.96e-05     0.126        20       576      0.657      0.999      0.957      0.793      0.155
   155/272     9.35G    0.0764         0    0.0499  8.62e-05     0.126        27       480      0.664          1      0.958      0.798      0.161
   156/272     9.35G    0.0758         0    0.0489  0.000104     0.125        23       448      0.663          1      0.948      0.797      0.161
   157/272     9.35G    0.0761         0     0.048  9.04e-05     0.124        12       320      0.656          1      0.938      0.792      0.178
   158/272     9.35G    0.0762         0     0.048   8.6e-05     0.124         9       320      0.636      0.999      0.947      0.777      0.177
   159/272     9.35G    0.0763         0    0.0498  9.34e-05     0.126        37       320      0.655          1      0.943      0.792      0.181
   160/272     9.35G    0.0765         0    0.0482  0.000111     0.125        20       448      0.645      0.999      0.945      0.784      0.173
   161/272     9.35G    0.0757         0    0.0473  7.89e-05     0.123         8       384       0.62          1       0.96      0.765      0.185
   162/272     9.35G    0.0757         0    0.0481  0.000105     0.124        32       352      0.647      0.999      0.951      0.785      0.171
   163/272     9.35G    0.0757         0    0.0495  7.11e-05     0.125        18       544      0.686      0.999      0.953      0.814      0.157
   164/272     9.35G    0.0757         0    0.0473   8.3e-05     0.123        18       320      0.612      0.999      0.932      0.759      0.178
   165/272     9.35G    0.0754         0    0.0477  8.04e-05     0.123        34       512      0.645      0.999      0.956      0.784      0.172
   166/272     9.35G    0.0757         0    0.0504  0.000112     0.126        16       416      0.604          1      0.955      0.753      0.167
   167/272     9.35G    0.0754         0    0.0496  8.65e-05     0.125        10       320      0.617      0.999      0.966      0.763      0.162
   168/272     9.35G    0.0751         0    0.0484  7.55e-05     0.124        25       576      0.686      0.999      0.968      0.813      0.154
   169/272     9.35G    0.0755         0    0.0487  9.17e-05     0.124        13       320      0.603      0.999      0.958      0.752      0.184
   170/272     9.35G    0.0753         0    0.0496  8.88e-05     0.125        15       576       0.64      0.999      0.959       0.78       0.16
   171/272     9.35G    0.0748         0     0.047  7.29e-05     0.122        23       608      0.652      0.999      0.939      0.789      0.161
   172/272     9.35G    0.0749         0    0.0474  7.77e-05     0.122        30       384      0.596      0.999      0.929      0.747      0.172
   173/272     9.35G    0.0751         0    0.0476  9.01e-05     0.123        15       480      0.637      0.999      0.949      0.778      0.164
   174/272     9.35G    0.0754         0    0.0473  0.000465     0.123        22       352      0.629      0.999      0.947      0.772      0.162
   175/272     9.35G    0.0746         0    0.0481   7.3e-05     0.123        32       608      0.616      0.999      0.942      0.762      0.161
   176/272     9.35G    0.0751         0    0.0467  8.19e-05     0.122        18       320      0.624      0.999      0.955      0.768      0.163
   177/272     9.35G    0.0746         0    0.0476  7.97e-05     0.122        16       576      0.666      0.999      0.953      0.799       0.16
   178/272     9.35G    0.0747         0    0.0481  7.38e-05     0.123        17       480      0.602      0.999      0.949      0.751      0.173
   179/272     9.35G    0.0746         0    0.0458  7.69e-05      0.12        21       480      0.684      0.999      0.947      0.812      0.164
   180/272     9.35G    0.0746         0    0.0481  8.41e-05     0.123        24       480      0.665      0.999      0.956      0.799      0.164
   181/272     9.35G    0.0743         0    0.0482  7.39e-05     0.123        23       576      0.653      0.999      0.944       0.79      0.153
   182/272     9.35G    0.0743         0    0.0455  7.22e-05      0.12        23       416      0.614      0.999      0.945      0.761      0.168
   183/272     9.35G    0.0741         0     0.047  6.98e-05     0.121        27       320      0.647          1      0.941      0.786      0.174
   184/272     9.35G    0.0745         0    0.0454  7.82e-05      0.12         9       384      0.664          1      0.943      0.798      0.172
   185/272     9.35G    0.0743         0    0.0478  7.88e-05     0.122        35       352      0.626      0.999      0.935       0.77      0.177
   186/272     9.35G    0.0742         0    0.0469  8.45e-05     0.121        29       384      0.669          1       0.95      0.801      0.165
   187/272     9.35G    0.0745         0    0.0472  8.99e-05     0.122        29       320       0.63          1      0.935      0.773       0.19
   188/272     9.35G    0.0744         0    0.0461  0.000117     0.121        23       544       0.65          1      0.943      0.788      0.164
   189/272     9.35G    0.0741         0    0.0466  8.37e-05     0.121        19       352      0.618      0.999      0.947      0.764      0.167
   190/272     9.35G    0.0742         0    0.0457  8.21e-05      0.12        21       608      0.625      0.999       0.94      0.769      0.167
   191/272     9.35G    0.0738         0    0.0455  8.17e-05     0.119        31       576      0.657      0.999      0.947      0.793      0.168
   192/272     9.35G    0.0738         0    0.0465  6.97e-05      0.12        15       352      0.581          1      0.937      0.735      0.189
   193/272     9.35G     0.074         0    0.0456  7.24e-05      0.12        28       576      0.666      0.999      0.951      0.799       0.16
   194/272     9.35G    0.0734         0    0.0446   6.9e-05     0.118        24       480      0.645          1       0.95      0.784      0.166
   195/272     9.35G    0.0737         0    0.0457  7.26e-05      0.12        27       352      0.645      0.999      0.939      0.784      0.168
   196/272     9.35G    0.0735         0     0.046  7.56e-05      0.12        15       320      0.614      0.999      0.931      0.761      0.169
   197/272     9.35G    0.0739         0    0.0469  8.32e-05     0.121        31       352      0.599      0.999      0.946      0.749      0.165
   198/272     9.35G    0.0739         0    0.0486  8.75e-05     0.123        17       416       0.66          1      0.945      0.795       0.16
   199/272     9.35G    0.0734         0    0.0458  8.85e-05     0.119        28       480      0.656      0.999      0.956      0.792      0.161
   200/272     9.35G    0.0736         0    0.0453  8.02e-05     0.119        24       416      0.627      0.999      0.943       0.77      0.169
   201/272     9.35G     0.073         0    0.0451  6.99e-05     0.118        18       576      0.665      0.999      0.946      0.799      0.158
   202/272     9.35G     0.073         0    0.0446  6.82e-05     0.118        36       544      0.656      0.999      0.942      0.792      0.169
   203/272     9.35G    0.0729         0     0.045  6.69e-05     0.118        21       512      0.622      0.999      0.933      0.767      0.183
   204/272     9.35G    0.0736         0    0.0475  7.94e-05     0.121        17       576      0.654          1      0.946      0.791      0.173
   205/272     9.35G     0.073         0    0.0449  7.54e-05     0.118        22       352      0.607          1      0.931      0.755      0.176
   206/272     9.35G     0.073         0    0.0449   7.3e-05     0.118        14       320      0.643      0.999      0.931      0.783      0.182
   207/272     9.35G    0.0728         0    0.0482  7.43e-05     0.121        25       512       0.67          1      0.937      0.802      0.173
   208/272     9.35G     0.073         0    0.0464  8.06e-05      0.12        28       320      0.613      0.999      0.931       0.76      0.176
   209/272     9.35G    0.0726         0    0.0435   6.6e-05     0.116        30       448      0.647      0.999      0.941      0.785      0.174
   210/272     9.35G     0.074         0    0.0465   0.00021     0.121        22       544      0.693      0.999      0.935      0.818       0.16
   211/272     9.35G    0.0735         0    0.0456   8.4e-05     0.119        12       480      0.612          1      0.932      0.759      0.168
   212/272     9.35G    0.0734         0    0.0459  7.92e-05     0.119        30       544      0.691      0.999      0.952      0.817      0.168
   213/272     9.35G     0.073         0    0.0459  7.02e-05     0.119        22       352      0.614          1      0.931      0.761      0.184
   214/272     9.35G     0.073         0    0.0473  7.06e-05      0.12        34       576      0.686      0.999      0.957      0.813      0.156
   215/272     9.35G    0.0723         0    0.0441   7.1e-05     0.116        23       608      0.657      0.999      0.932      0.793      0.165
   216/272     9.35G    0.0725         0    0.0441  7.25e-05     0.117        19       608      0.659      0.999      0.952      0.794      0.164
   217/272     9.35G    0.0727         0    0.0436  8.06e-05     0.116        16       512      0.703      0.999      0.963      0.825       0.17
   218/272     9.35G    0.0714         0    0.0449  7.45e-05     0.116        27       480      0.645      0.999      0.942      0.784      0.169
   219/272     9.35G    0.0711         0    0.0452  6.87e-05     0.116        25       384      0.639      0.999      0.938       0.78      0.178
   220/272     9.35G    0.0708         0    0.0422  5.78e-05     0.113        15       320      0.646          1       0.94      0.785      0.187
   221/272     9.35G    0.0709         0    0.0437  5.43e-05     0.115        15       480      0.637          1      0.932      0.778      0.179
   222/272     9.35G    0.0707         0    0.0441  5.82e-05     0.115        32       320      0.642          1      0.935      0.782      0.185
   223/272     9.35G    0.0708         0    0.0427  4.87e-05     0.113        39       416      0.643      0.999      0.934      0.782      0.177
   224/272     9.35G    0.0706         0    0.0442  4.69e-05     0.115        28       576      0.659      0.999      0.941      0.795      0.167
   225/272     9.35G    0.0707         0    0.0426  0.000139     0.113        20       608      0.673      0.999      0.952      0.804      0.165
   226/272     9.35G    0.0706         0    0.0433  4.45e-05     0.114        31       416      0.657      0.999      0.938      0.793      0.174
   227/272     9.35G    0.0708         0    0.0438  4.33e-05     0.115        21       608      0.646      0.999      0.949      0.784      0.167
   228/272     9.35G    0.0703         0    0.0423  4.02e-05     0.113        24       544      0.682      0.999      0.954      0.811      0.164
   229/272     9.35G    0.0705         0    0.0443  4.01e-05     0.115        18       608       0.66      0.999      0.952      0.795       0.17
   230/272     9.35G    0.0704         0    0.0424  3.91e-05     0.113        24       576      0.673      0.999      0.956      0.804      0.163
   231/272     9.35G    0.0702         0    0.0431  3.68e-05     0.113        33       384      0.663      0.999      0.936      0.797       0.18
   232/272     9.35G     0.071         0     0.044  3.66e-05     0.115        34       512      0.669      0.999      0.947      0.802      0.165
   233/272     9.35G    0.0705         0     0.043  3.59e-05     0.113        21       448       0.65      0.999      0.945      0.787      0.176
   234/272     9.35G    0.0704         0    0.0435   3.5e-05     0.114        29       352      0.667      0.999      0.943        0.8      0.168
   235/272     9.35G    0.0703         0    0.0427  3.38e-05     0.113        14       576      0.688      0.999       0.95      0.815      0.166
   236/272     9.35G    0.0704         0    0.0432  8.52e-05     0.114        17       544      0.677      0.999      0.957      0.807      0.164
   237/272     9.35G    0.0702         0    0.0431  3.41e-05     0.113        29       576      0.685      0.999      0.953      0.813      0.162
   238/272     9.35G    0.0705         0    0.0426  3.21e-05     0.113        13       384      0.659      0.999       0.94      0.794      0.174
   239/272     9.35G    0.0703         0    0.0437  3.18e-05     0.114        15       512      0.682      0.999      0.946       0.81      0.165
   240/272     9.35G    0.0702         0    0.0439  3.14e-05     0.114        39       544      0.657      0.999      0.948      0.793      0.164
   241/272     9.35G    0.0703         0    0.0434  3.16e-05     0.114        27       384      0.663      0.999      0.932      0.797      0.176
   242/272     9.35G    0.0702         0    0.0426  3.02e-05     0.113        14       320      0.631          1      0.932      0.774      0.182
   243/272     9.35G    0.0699         0    0.0426  3.75e-05     0.113        20       384      0.652      0.999      0.932      0.789      0.179
   244/272     9.35G      0.07         0     0.041  3.14e-05     0.111        37       576      0.685      0.999      0.953      0.813      0.163
   245/272     9.35G    0.0701         0    0.0444  2.85e-05     0.115        17       320      0.643      0.999      0.927      0.782      0.179
   246/272     9.35G    0.0704         0    0.0433  2.94e-05     0.114        28       480      0.667      0.999      0.945        0.8       0.17
   247/272     9.35G    0.0703         0    0.0431  2.94e-05     0.113        19       480      0.678      0.999      0.946      0.808      0.172
   248/272     9.35G    0.0703         0    0.0434   2.9e-05     0.114        13       544      0.659      0.999      0.945      0.794      0.163
   249/272     9.35G    0.0701         0    0.0432  3.08e-05     0.113        22       448      0.654      0.999      0.942       0.79      0.173
   250/272     9.35G    0.0702         0    0.0425     3e-05     0.113        19       448      0.662      0.999      0.941      0.796      0.173
   251/272     9.35G      0.07         0    0.0431  3.05e-05     0.113        15       448      0.674      0.999      0.941      0.805      0.169
   252/272     9.35G    0.0703         0    0.0432  2.86e-05     0.114        16       608      0.657      0.999      0.936      0.792      0.176
   253/272     9.35G      0.07         0    0.0414  2.84e-05     0.111        22       384      0.657      0.999      0.934      0.792      0.175
   254/272     9.35G    0.0701         0    0.0426  2.91e-05     0.113        35       480      0.671      0.999      0.941      0.803      0.167
   255/272     9.35G    0.0702         0    0.0437  2.86e-05     0.114        14       608      0.667      0.999      0.948        0.8       0.16
   256/272     9.35G    0.0699         0    0.0426  2.83e-05     0.113        16       416       0.68      0.999      0.936      0.809       0.17
   257/272     9.35G    0.0697         0      0.04  2.81e-05      0.11         9       448      0.663      0.999       0.94      0.797      0.171
   258/272     9.35G    0.0699         0    0.0428  2.84e-05     0.113        13       576      0.684      0.999      0.948      0.812      0.162
   259/272     9.35G    0.0704         0    0.0428  2.86e-05     0.113        13       608      0.664      0.999      0.947      0.798      0.164
   260/272     9.35G    0.0699         0    0.0422  2.81e-05     0.112        14       384      0.644      0.999      0.936      0.783      0.181
   261/272     9.35G    0.0702         0    0.0428  2.95e-05     0.113        18       416       0.65      0.999      0.934      0.787      0.177
   262/272     9.35G      0.07         0    0.0436  2.83e-05     0.114        30       384      0.658      0.999      0.933      0.794      0.181
   263/272     9.35G    0.0703         0    0.0432   4.8e-05     0.113        20       416      0.666      0.999      0.938        0.8      0.174
   264/272     9.35G      0.07         0    0.0419  2.86e-05     0.112        19       576      0.691      0.999      0.952      0.817      0.165
   265/272     9.35G    0.0699         0    0.0413  2.85e-05     0.111        28       512      0.672      0.999      0.946      0.804      0.168
   266/272     9.35G    0.0699         0    0.0421  2.82e-05     0.112        13       608      0.648      0.999      0.948      0.786      0.164
   267/272     9.35G      0.07         0    0.0421  2.84e-05     0.112        20       384      0.678          1      0.937      0.808      0.177
   268/272     9.35G    0.0698         0    0.0417   2.9e-05     0.112        21       352      0.644      0.999      0.933      0.783       0.18
   269/272     9.35G    0.0701         0    0.0423  4.57e-05     0.112        33       416      0.661      0.999       0.94      0.796      0.178
   270/272     9.35G    0.0702         0    0.0434  2.92e-05     0.114        19       320       0.67      0.999      0.944      0.802      0.165
   271/272     9.35G      0.07         0    0.0438  6.76e-05     0.114        32       576      0.686      0.999      0.949      0.813      0.164
   272/272     9.35G    0.0701         0     0.043  2.77e-05     0.113        26       352      0.648          1      0.937      0.786      0.179
